[0]
[1]
[2, 134]
[3, 205]
[4, 226]
[5]
[6, 46, 276]
[7]
[8, 224]
[9, 133, 261]
[10]
[11]
[12]
[13]
[14, 64]
[15, 126]
[16, 272]
[17, 39, 221]
[18, 47]
[19]
[20, 110]
[21]
[22, 193]
[23, 103, 152]
[24]
[25, 164, 240]
[26, 257]
[27, 183]
[28, 238]
[29]
[30]
[31, 92, 157]
[32, 43]
[33]
[34, 36, 128]
[35]
[37]
[38]
[40]
[41, 153, 155]
[42]
[44, 108, 148]
[45]
[48]
[49, 69]
[50]
[51, 143, 177]
[52, 142, 189]
[53, 70]
[54, 200]
[55, 115]
[56, 66]
[57, 87, 165]
[58]
[59]
[60, 188, 273]
[61, 266]
[62]
[63]
[65]
[67, 145, 179]
[68, 222]
[71]
[72]
[73]
[74]
[75]
[76]
[77]
[78]
[79, 96]
[80, 113]
[81]
[82, 232]
[83]
[84]
[85]
[86, 168, 246]
[88, 171]
[89]
[90, 94, 206]
[91]
[93, 241]
[95]
[97]
[98]
[99]
[100]
[101]
[102, 196, 274]
[104]
[105]
[106]
[107, 197]
[109]
[111, 192, 255]
[112]
[114]
[116]
[117, 119]
[118, 227]
[120, 190]
[121]
[122]
[123]
[124]
[125]
[127]
[129, 268]
[130, 146]
[131]
[132]
[135]
[136]
[137, 258]
[138]
[139]
[140]
[141]
[144]
[147]
[149]
[150]
[151]
[154]
[156]
[158]
[159, 211]
[160]
[161]
[162, 267]
[163]
[166]
[167, 244]
[169]
[170]
[172]
[173]
[174]
[175]
[176]
[178]
[180]
[181, 199]
[182]
[184]
[185]
[186]
[187, 214]
[191, 239]
[194]
[195, 243]
[198, 207]
[201]
[202]
[203]
[204]
[208]
[209]
[210]
[212]
[213]
[215]
[216]
[217]
[218]
[219]
[220]
[223]
[225]
[228]
[229]
[230]
[231]
[233]
[234]
[235]
[236]
[237]
[242]
[245, 265]
[247]
[248]
[249]
[250]
[251]
[252]
[253]
[254]
[256]
[259]
[260]
[262]
[263]
[264]
[269]
[270]
[271]
[275]
[277]
