[0]
[1, 105]
[2]
[3, 164, 174]
[4, 205]
[5, 21, 30]
[6]
[7, 80]
[8, 104, 183]
[9]
[10, 264]
[11, 255]
[12]
[13, 120]
[14]
[15, 27]
[16]
[17, 35, 260]
[18]
[19, 83, 257]
[20]
[22]
[23]
[24, 199]
[25]
[26, 160]
[28]
[29]
[31]
[32, 196, 237]
[33, 190]
[34, 119]
[36]
[37, 143]
[38]
[39]
[40, 73]
[41, 155, 239]
[42]
[43]
[44]
[45]
[46, 241]
[47]
[48]
[49]
[50, 127, 236]
[51, 184]
[52]
[53, 96]
[54]
[55]
[56, 114]
[57]
[58]
[59, 106, 193]
[60, 95, 121]
[61, 228]
[62, 232]
[63]
[64, 165]
[65]
[66]
[67, 69]
[68, 194]
[70]
[71]
[72, 76, 113]
[74, 171]
[75, 122, 144]
[77]
[78]
[79]
[81]
[82]
[84]
[85, 218, 233]
[86]
[87]
[88]
[89]
[90]
[91, 226]
[92]
[93]
[94, 215]
[97, 249]
[98]
[99]
[100]
[101]
[102]
[103, 235]
[107, 202]
[108, 172, 179]
[109]
[110, 130, 201]
[111]
[112, 149]
[115, 154]
[116]
[117]
[118]
[123, 188]
[124, 146]
[125]
[126]
[128]
[129]
[131]
[132]
[133, 223]
[134, 175, 180]
[135]
[136, 162]
[137, 256]
[138]
[139, 262, 266]
[140, 150]
[141]
[142]
[145]
[147]
[148]
[151]
[152]
[153]
[156, 197]
[157]
[158]
[159, 182]
[161]
[163]
[166]
[167, 192, 207]
[168]
[169, 222]
[170]
[173]
[176]
[177]
[178]
[181, 244]
[185]
[186]
[187]
[189]
[191]
[195]
[198]
[200]
[203]
[204]
[206]
[208]
[209]
[210]
[211]
[212]
[213]
[214]
[216]
[217]
[219]
[220]
[221]
[224]
[225]
[227]
[229]
[230]
[231]
[234]
[238]
[240]
[242]
[243, 267]
[245]
[246]
[247]
[248]
[250]
[251]
[252]
[253]
[254, 265]
[258]
[259]
[261]
[263]
[268]
[269]
[270]
[271]
[272]
[273]
[274]
[275]
[276]
[277]
