[0, 10, 126]
[1, 179]
[2, 184]
[3]
[4, 118]
[5, 259]
[6, 8]
[7]
[9]
[11, 12, 189]
[13]
[14]
[15, 26]
[16]
[17, 146, 205]
[18]
[19, 174]
[20]
[21, 98, 177]
[22]
[23]
[24]
[25, 75, 149]
[27]
[28]
[29]
[30, 115, 119]
[31, 264]
[32]
[33, 139]
[34]
[35]
[36, 183]
[37]
[38]
[39]
[40]
[41, 164, 192]
[42]
[43]
[44, 156]
[45]
[46]
[47]
[48]
[49, 176]
[50]
[51, 190]
[52, 92]
[53, 200]
[54]
[55, 90]
[56, 219]
[57]
[58]
[59]
[60, 267]
[61]
[62]
[63, 111]
[64]
[65, 145, 151]
[66, 277]
[67, 70]
[68]
[69]
[71, 148, 220]
[72, 155, 217]
[73]
[74, 266]
[76]
[77, 131, 236]
[78]
[79, 218]
[80, 88, 168]
[81]
[82]
[83]
[84, 141, 221]
[85, 210]
[86]
[87]
[89, 167]
[91, 255]
[93]
[94]
[95, 106]
[96]
[97]
[99]
[100]
[101, 199, 230]
[102, 150]
[103]
[104]
[105, 185]
[107, 203]
[108]
[109, 201, 222]
[110]
[112]
[113]
[114]
[116]
[117]
[120]
[121]
[122, 137]
[123, 253, 275]
[124, 235]
[125]
[127, 231]
[128]
[129]
[130, 214]
[132]
[133, 134]
[135, 202]
[136]
[138]
[140]
[142]
[143, 260]
[144]
[147]
[152]
[153]
[154]
[157]
[158]
[159, 160]
[161]
[162]
[163]
[165]
[166]
[169]
[170, 233]
[171]
[172]
[173]
[175]
[178, 197]
[180]
[181]
[182]
[186]
[187]
[188]
[191]
[193]
[194, 216, 252]
[195]
[196]
[198]
[204]
[206]
[207]
[208]
[209]
[211, 229, 263]
[212]
[213]
[215]
[223, 256]
[224]
[225]
[226]
[227]
[228, 248]
[232]
[234]
[237]
[238]
[239]
[240]
[241]
[242]
[243]
[244]
[245]
[246]
[247]
[249]
[250]
[251]
[254]
[257]
[258]
[261]
[262]
[265]
[268]
[269]
[270]
[271]
[272]
[273]
[274]
[276]
