[0]
[1]
[2, 148]
[3, 128, 146]
[4, 82]
[5]
[6]
[7]
[8, 117, 198]
[9]
[10, 56, 90]
[11, 33]
[12, 62, 114]
[13, 47]
[14]
[15]
[16, 273]
[17, 277]
[18, 105, 112]
[19, 45, 144]
[20, 125]
[21]
[22]
[23, 109, 240]
[24, 123]
[25]
[26, 138, 249]
[27, 42]
[28]
[29]
[30, 98, 110]
[31, 134]
[32, 101, 172]
[34, 152]
[35, 257]
[36, 102, 139]
[37]
[38, 167]
[39]
[40, 155, 203]
[41]
[43]
[44]
[46]
[48, 58]
[49]
[50]
[51]
[52]
[53]
[54]
[55]
[57, 227, 265]
[59]
[60, 232]
[61]
[63, 141]
[64, 78]
[65, 74, 127]
[66, 212]
[67, 266]
[68]
[69, 92]
[70, 205]
[71, 150, 248]
[72]
[73, 129, 197]
[75]
[76]
[77]
[79]
[80]
[81]
[83, 119]
[84]
[85]
[86]
[87]
[88, 121]
[89]
[91]
[93]
[94]
[95]
[96]
[97, 122]
[99, 253, 267]
[100]
[103]
[104, 170]
[106]
[107]
[108, 241]
[111, 213]
[113]
[115]
[116]
[118]
[120]
[124]
[126, 223]
[130, 199]
[131]
[132]
[133]
[135]
[136, 164, 165]
[137]
[140]
[142, 216]
[143]
[145]
[147]
[149]
[151, 200]
[153, 220]
[154]
[156]
[157]
[158, 234]
[159]
[160]
[161]
[162]
[163]
[166]
[168, 226]
[169]
[171]
[173]
[174]
[175]
[176]
[177, 222]
[178]
[179, 255]
[180, 228]
[181]
[182]
[183]
[184]
[185]
[186]
[187]
[188]
[189]
[190]
[191]
[192]
[193]
[194]
[195]
[196]
[201, 207]
[202]
[204]
[206]
[208]
[209]
[210]
[211]
[214]
[215, 239]
[217, 247]
[218]
[219]
[221]
[224]
[225]
[229]
[230]
[231]
[233]
[235, 262]
[236]
[237, 261]
[238]
[242]
[243]
[244]
[245]
[246]
[250]
[251]
[252]
[254]
[256]
[258]
[259]
[260]
[263]
[264]
[268]
[269]
[270]
[271]
[272]
[274]
[275]
[276]
