[0, 203, 229]
[1]
[2]
[3]
[4]
[5]
[6]
[7, 84]
[8, 140]
[9]
[10, 137, 161]
[11]
[12, 139]
[13]
[14]
[15]
[16]
[17, 252]
[18]
[19]
[20, 133, 253]
[21]
[22]
[23]
[24, 119, 200]
[25]
[26]
[27]
[28, 201]
[29]
[30]
[31, 59, 183]
[32]
[33]
[34]
[35]
[36]
[37, 160, 238]
[38, 270]
[39, 136, 217]
[40, 156]
[41, 236, 272]
[42, 235]
[43]
[44]
[45]
[46]
[47, 212]
[48, 251]
[49]
[50, 153]
[51]
[52, 187, 246]
[53, 62, 232]
[54]
[55, 129]
[56]
[57]
[58, 112]
[60]
[61, 213]
[63, 77]
[64]
[65, 243]
[66, 121, 143]
[67]
[68, 91]
[69, 152, 269]
[70, 83]
[71]
[72, 260]
[73, 111, 188]
[74, 101]
[75, 184, 237]
[76]
[78, 193]
[79]
[80, 141]
[81]
[82, 110]
[85, 128]
[86, 231]
[87]
[88]
[89, 108]
[90, 196]
[92]
[93]
[94]
[95]
[96]
[97]
[98]
[99]
[100]
[102]
[103]
[104, 276]
[105]
[106, 138, 179]
[107, 176]
[109, 166]
[113]
[114, 118]
[115, 240]
[116]
[117]
[120]
[122]
[123, 277]
[124]
[125]
[126]
[127]
[130]
[131]
[132]
[134, 271]
[135, 256]
[142]
[144]
[145, 274]
[146]
[147]
[148]
[149]
[150]
[151]
[154]
[155, 268]
[157, 192, 199]
[158, 221]
[159]
[162]
[163, 165, 191]
[164]
[167]
[168, 226]
[169, 264]
[170]
[171]
[172]
[173]
[174]
[175]
[177]
[178]
[180, 195]
[181]
[182, 225, 262]
[185]
[186]
[189]
[190, 239]
[194]
[197]
[198]
[202]
[204]
[205]
[206]
[207]
[208]
[209]
[210]
[211]
[214]
[215]
[216]
[218]
[219]
[220]
[222]
[223]
[224]
[227]
[228]
[230]
[233]
[234]
[241]
[242]
[244]
[245]
[247]
[248]
[249]
[250]
[254]
[255]
[257]
[258]
[259]
[261]
[263]
[265]
[266]
[267]
[273]
[275]
