[0, 65, 163]
[1]
[2]
[3, 79, 141]
[4, 171]
[5, 121, 260]
[6, 10]
[7, 133]
[8, 104, 261]
[9]
[11]
[12, 24]
[13, 87, 220]
[14]
[15]
[16, 232]
[17]
[18, 174]
[19, 152]
[20, 41]
[21, 271]
[22, 205]
[23, 102]
[25]
[26]
[27]
[28, 109]
[29]
[30]
[31, 40, 263]
[32, 128]
[33]
[34]
[35]
[36]
[37]
[38, 127]
[39, 140, 197]
[42]
[43]
[44, 89, 264]
[45, 200, 243]
[46, 182, 270]
[47]
[48]
[49]
[50]
[51]
[52]
[53]
[54]
[55]
[56]
[57]
[58]
[59, 61]
[60]
[62]
[63]
[64]
[66, 117, 254]
[67]
[68, 73, 110]
[69]
[70, 153]
[71]
[72, 204]
[74, 115]
[75, 131, 150]
[76]
[77]
[78, 90]
[80]
[81]
[82, 215, 245]
[83, 134]
[84, 272]
[85]
[86, 135]
[88]
[91, 151, 194]
[92]
[93, 234]
[94, 253]
[95, 143, 219]
[96, 149]
[97]
[98, 146]
[99]
[100, 101]
[103]
[105]
[106, 129, 246]
[107]
[108]
[111]
[112]
[113]
[114, 188]
[116]
[118, 212]
[119]
[120, 252]
[122]
[123]
[124]
[125]
[126]
[130]
[132]
[136]
[137]
[138]
[139]
[142, 201]
[144]
[145]
[147]
[148]
[154]
[155]
[156]
[157]
[158]
[159, 251]
[160, 247]
[161]
[162]
[164]
[165]
[166]
[167, 202]
[168]
[169]
[170, 209]
[172]
[173, 196]
[175]
[176]
[177, 241]
[178]
[179]
[180, 236]
[181]
[183]
[184]
[185]
[186, 266]
[187]
[189]
[190]
[191, 237, 267]
[192]
[193]
[195]
[198]
[199]
[203]
[206]
[207]
[208, 230]
[210, 235]
[211]
[213]
[214]
[216]
[217]
[218]
[221]
[222]
[223]
[224]
[225]
[226]
[227]
[228]
[229]
[231]
[233]
[238]
[239]
[240]
[242]
[244, 274]
[248]
[249]
[250]
[255]
[256]
[257]
[258]
[259]
[262]
[265]
[268]
[269]
[273]
[275]
[276]
[277]
