[0]
[1, 34, 196]
[2, 111, 213]
[3, 28]
[4]
[5]
[6, 110]
[7]
[8]
[9, 245]
[10]
[11]
[12]
[13, 219]
[14, 98, 243]
[15]
[16, 143, 236]
[17, 242, 272]
[18, 107]
[19, 214]
[20, 73]
[21, 262]
[22, 78]
[23]
[24, 187]
[25, 81, 195]
[26]
[27]
[29]
[30, 39, 220]
[31, 251, 255]
[32]
[33, 179]
[35, 132, 241]
[36, 207]
[37, 97]
[38, 127, 149]
[40, 260]
[41]
[42]
[43, 178]
[44]
[45, 53, 222]
[46, 77, 200]
[47, 136, 147]
[48, 180]
[49]
[50, 159]
[51]
[52]
[54]
[55]
[56]
[57]
[58]
[59]
[60]
[61]
[62]
[63]
[64]
[65]
[66, 88]
[67]
[68]
[69]
[70]
[71, 202]
[72, 250]
[74, 87]
[75]
[76]
[79]
[80]
[82]
[83]
[84]
[85, 229]
[86]
[89, 228]
[90, 156, 263]
[91, 134]
[92]
[93]
[94, 209]
[95]
[96]
[99]
[100]
[101]
[102]
[103, 164]
[104]
[105]
[106, 247]
[108]
[109]
[112]
[113]
[114]
[115]
[116, 126]
[117]
[118]
[119]
[120, 140]
[121]
[122, 188, 273]
[123]
[124]
[125]
[128]
[129]
[130, 230]
[131, 257]
[133]
[135, 189]
[137, 154]
[138, 152]
[139]
[141]
[142]
[144]
[145, 271]
[146]
[148]
[150]
[151]
[153, 174]
[155]
[157]
[158]
[160]
[161]
[162]
[163]
[165]
[166]
[167]
[168]
[169]
[170]
[171]
[172]
[173, 276]
[175]
[176]
[177]
[181, 194, 252]
[182]
[183, 204]
[184]
[185, 212]
[186]
[190, 198]
[191]
[192, 201, 248]
[193, 265]
[197]
[199]
[203]
[205]
[206]
[208]
[210]
[211]
[215]
[216]
[217, 223, 244]
[218]
[221]
[224]
[225]
[226]
[227]
[231]
[232]
[233]
[234]
[235]
[237]
[238]
[239]
[240]
[246]
[249]
[253]
[254]
[256]
[258]
[259]
[261]
[264]
[266]
[267, 269]
[268]
[270]
[274]
[275]
[277]
