[0]
[1, 179, 247]
[2]
[3, 105]
[4, 157, 180]
[5]
[6]
[7]
[8]
[9, 25, 203]
[10, 219]
[11]
[12, 29]
[13]
[14, 77, 232]
[15, 59, 85]
[16]
[17, 76]
[18, 149]
[19, 49]
[20]
[21, 246]
[22]
[23, 235]
[24, 35]
[26]
[27]
[28, 224]
[30, 240]
[31, 276]
[32]
[33]
[34]
[36, 64, 202]
[37, 198]
[38]
[39]
[40, 230, 234]
[41, 169]
[42, 99]
[43]
[44]
[45]
[46]
[47, 89]
[48, 263]
[50]
[51]
[52]
[53]
[54, 137]
[55]
[56, 97]
[57]
[58, 90]
[60, 122]
[61, 164]
[62]
[63, 142, 272]
[65]
[66]
[67]
[68]
[69]
[70]
[71]
[72]
[73, 244]
[74]
[75]
[78]
[79]
[80]
[81]
[82]
[83, 109, 160]
[84]
[86]
[87]
[88, 241, 265]
[91]
[92]
[93, 165]
[94, 178]
[95]
[96]
[98]
[100]
[101, 227]
[102]
[103]
[104, 126, 220]
[106, 184]
[107]
[108, 228]
[110]
[111, 189]
[112, 249]
[113]
[114]
[115, 215]
[116, 175, 229]
[117, 158, 269]
[118, 128, 262]
[119]
[120]
[121]
[123, 148]
[124]
[125]
[127]
[129, 207]
[130]
[131]
[132]
[133]
[134, 199, 266]
[135]
[136]
[138]
[139]
[140, 254]
[141]
[143, 261, 273]
[144]
[145, 212]
[146]
[147]
[150]
[151]
[152]
[153]
[154, 245, 255]
[155]
[156]
[159]
[161]
[162, 193]
[163]
[166]
[167]
[168]
[170]
[171]
[172]
[173]
[174]
[176]
[177]
[181]
[182]
[183, 206, 264]
[185]
[186]
[187]
[188, 225]
[190]
[191]
[192]
[194]
[195]
[196]
[197]
[200]
[201]
[204]
[205]
[208]
[209]
[210]
[211, 267]
[213, 250]
[214, 253]
[216]
[217]
[218]
[221]
[222]
[223]
[226]
[231]
[233, 238]
[236]
[237]
[239]
[242]
[243]
[248]
[251]
[252, 260]
[256]
[257]
[258]
[259]
[268]
[270]
[271]
[274]
[275]
[277]
