[0, 126]
[1]
[2]
[3, 227]
[4, 213]
[5, 77, 82]
[6, 205, 225]
[7, 108, 177]
[8]
[9]
[10]
[11]
[12, 238, 277]
[13, 94, 119]
[14, 68]
[15, 86]
[16]
[17, 46, 268]
[18, 229, 274]
[19]
[20, 188]
[21, 84]
[22]
[23, 91, 199]
[24]
[25, 63]
[26]
[27, 168]
[28, 44]
[29]
[30]
[31]
[32, 100, 203]
[33, 69]
[34, 152]
[35]
[36, 237]
[37, 127]
[38, 40]
[39]
[41, 131]
[42]
[43, 53]
[45, 49]
[47]
[48, 65]
[50]
[51]
[52]
[54]
[55, 151]
[56]
[57]
[58]
[59, 81]
[60]
[61]
[62, 83]
[64, 87, 146]
[66]
[67]
[70, 231]
[71]
[72]
[73]
[74]
[75, 103, 187]
[76]
[78]
[79]
[80]
[85, 224, 235]
[88]
[89, 138, 185]
[90]
[92]
[93]
[95, 157, 254]
[96, 267]
[97]
[98]
[99]
[101]
[102]
[104]
[105]
[106]
[107]
[109]
[110, 171]
[111]
[112, 202]
[113, 161]
[114]
[115]
[116]
[117]
[118]
[120, 149, 159]
[121, 223]
[122, 263]
[123, 259]
[124, 170]
[125]
[128]
[129]
[130, 198, 241]
[132, 150]
[133]
[134, 135, 156]
[136]
[137]
[139]
[140]
[141]
[142]
[143]
[144, 158]
[145]
[147, 216]
[148]
[153]
[154]
[155]
[160, 209]
[162]
[163, 228]
[164]
[165]
[166]
[167]
[169]
[172]
[173]
[174]
[175]
[176]
[178]
[179, 194, 207]
[180]
[181, 190]
[182]
[183, 273]
[184]
[186]
[189]
[191]
[192]
[193]
[195]
[196]
[197]
[200]
[201, 271]
[204]
[206]
[208]
[210]
[211]
[212, 239]
[214, 218]
[215]
[217]
[219]
[220, 253]
[221]
[222]
[226]
[230]
[232]
[233]
[234]
[236]
[240]
[242]
[243]
[244]
[245]
[246]
[247]
[248]
[249]
[250]
[251]
[252]
[255]
[256]
[257]
[258]
[260]
[261]
[262]
[264]
[265]
[266]
[269]
[270]
[272]
[275]
[276]
