[0]
[1]
[2]
[3, 58]
[4]
[5]
[6]
[7, 125]
[8]
[9]
[10]
[11, 80]
[12, 190, 206]
[13, 138, 184]
[14]
[15, 41]
[16, 33, 208]
[17]
[18, 106]
[19]
[20]
[21]
[22, 124]
[23]
[24, 260]
[25, 32]
[26]
[27]
[28, 111, 249]
[29, 267]
[30, 53, 97]
[31]
[34]
[35]
[36]
[37]
[38]
[39, 273]
[40]
[42, 101]
[43, 47, 252]
[44]
[45, 202]
[46, 61, 113]
[48, 222]
[49, 112, 244]
[50]
[51]
[52, 134]
[54]
[55, 169, 198]
[56]
[57, 90, 96]
[59]
[60]
[62]
[63, 67]
[64]
[65]
[66]
[68, 229]
[69, 165]
[70, 81]
[71]
[72]
[73]
[74, 168]
[75, 128]
[76]
[77]
[78, 136, 230]
[79]
[82]
[83]
[84, 94, 127]
[85, 183]
[86, 91]
[87, 248]
[88]
[89]
[92]
[93]
[95]
[98, 140]
[99, 189, 193]
[100, 203]
[102, 144, 231]
[103, 185]
[104, 116, 194]
[105, 270]
[107]
[108]
[109]
[110]
[114]
[115]
[117]
[118, 171, 265]
[119]
[120]
[121]
[122]
[123]
[126, 150]
[129, 139, 228]
[130]
[131, 236]
[132, 200, 243]
[133]
[135, 159]
[137]
[141]
[142, 245]
[143]
[145]
[146]
[147]
[148]
[149]
[151, 178]
[152]
[153, 264]
[154]
[155, 226]
[156]
[157, 253]
[158]
[160]
[161, 272]
[162]
[163]
[164, 224]
[166]
[167]
[170]
[172]
[173]
[174]
[175]
[176]
[177]
[179]
[180, 246]
[181]
[182]
[186]
[187]
[188]
[191]
[192, 215]
[195]
[196]
[197]
[199]
[201]
[204]
[205]
[207]
[209]
[210]
[211]
[212]
[213]
[214]
[216]
[217]
[218]
[219, 251]
[220, 255]
[221]
[223]
[225]
[227]
[232]
[233]
[234, 254]
[235]
[237]
[238]
[239]
[240]
[241]
[242]
[247]
[250]
[256]
[257]
[258]
[259]
[261]
[262]
[263]
[266]
[268]
[269]
[271]
[274]
[275]
[276]
[277]
