[0, 215]
[1, 75]
[2]
[3]
[4]
[5]
[6, 229]
[7, 116, 189]
[8]
[9]
[10]
[11, 275]
[12]
[13]
[14]
[15]
[16, 54]
[17, 182]
[18]
[19]
[20]
[21, 74]
[22]
[23]
[24]
[25]
[26, 231]
[27]
[28]
[29, 259, 264]
[30, 46, 49]
[31]
[32, 185]
[33, 53, 218]
[34, 109]
[35, 104]
[36, 101, 148]
[37, 59, 239]
[38, 176]
[39, 47]
[40, 55]
[41, 51, 129]
[42, 100, 243]
[43]
[44]
[45, 120, 253]
[48]
[50]
[52]
[56]
[57, 161]
[58, 107]
[60]
[61, 177]
[62, 85, 223]
[63, 86, 247]
[64]
[65]
[66]
[67]
[68]
[69, 149]
[70]
[71, 76, 241]
[72]
[73]
[77, 250]
[78, 272]
[79, 143]
[80]
[81, 244]
[82]
[83, 137, 159]
[84, 183]
[87, 205]
[88]
[89]
[90]
[91, 126]
[92]
[93, 122]
[94]
[95, 114]
[96]
[97]
[98]
[99]
[102, 106]
[103, 152]
[105]
[108, 260]
[110]
[111]
[112]
[113]
[115, 221, 257]
[117]
[118, 127, 234]
[119]
[121]
[123, 178]
[124]
[125]
[128, 158]
[130]
[131, 249]
[132]
[133]
[134]
[135]
[136, 162, 166]
[138]
[139]
[140]
[141]
[142]
[144]
[145]
[146]
[147]
[150]
[151, 213]
[153]
[154, 195]
[155]
[156]
[157]
[160]
[163, 171]
[164]
[165]
[167, 277]
[168]
[169]
[170]
[172, 210]
[173]
[174]
[175, 220]
[179]
[180]
[181]
[184]
[186]
[187]
[188]
[190, 203]
[191]
[192]
[193]
[194]
[196]
[197, 212, 219]
[198, 268]
[199]
[200]
[201]
[202]
[204, 255, 262]
[206]
[207]
[208]
[209]
[211]
[214]
[216]
[217, 258]
[222]
[224]
[225]
[226]
[227]
[228]
[230]
[232]
[233]
[235]
[236]
[237]
[238]
[240]
[242]
[245]
[246]
[248]
[251]
[252]
[254]
[256]
[261]
[263]
[265]
[266]
[267]
[269]
[270]
[271]
[273]
[274]
[276]
