[0]
[1, 39, 76]
[2]
[3]
[4]
[5, 104, 231]
[6, 157]
[7, 164]
[8, 146]
[9]
[10]
[11]
[12]
[13, 132]
[14]
[15]
[16]
[17, 61]
[18]
[19, 154]
[20, 202]
[21, 66]
[22, 229, 237]
[23, 35]
[24, 250]
[25]
[26]
[27]
[28]
[29]
[30]
[31, 276]
[32, 206]
[33, 53, 209]
[34]
[36]
[37, 131, 145]
[38]
[40, 90, 96]
[41]
[42]
[43]
[44]
[45]
[46, 141, 201]
[47, 48]
[49, 227]
[50, 189]
[51, 121]
[52]
[54]
[55]
[56]
[57]
[58]
[59, 152, 215]
[60, 247]
[62, 228]
[63]
[64, 80, 197]
[65]
[67]
[68]
[69, 252]
[70]
[71, 170, 240]
[72, 100, 112]
[73, 210]
[74]
[75, 233]
[77]
[78]
[79, 89, 270]
[81, 257]
[82, 123, 230]
[83, 87]
[84]
[85]
[86]
[88]
[91]
[92]
[93]
[94]
[95, 221]
[97, 155]
[98]
[99]
[101, 135]
[102, 238]
[103, 129]
[105]
[106]
[107]
[108, 114]
[109]
[110, 143, 178]
[111]
[113, 199]
[115]
[116, 124, 266]
[117]
[118, 264]
[119, 198]
[120, 193]
[122, 256]
[125]
[126, 205]
[127]
[128]
[130, 160, 249]
[133, 185]
[134]
[136]
[137, 194]
[138]
[139, 274]
[140]
[142]
[144]
[147]
[148]
[149]
[150]
[151]
[153]
[156]
[158, 161]
[159]
[162]
[163]
[165]
[166]
[167]
[168]
[169]
[171]
[172]
[173]
[174, 186, 219]
[175]
[176]
[177]
[179]
[180]
[181, 269]
[182]
[183]
[184]
[187, 204, 212]
[188]
[190]
[191]
[192, 258]
[195]
[196]
[200]
[203]
[207]
[208]
[211]
[213]
[214]
[216]
[217]
[218]
[220]
[222]
[223]
[224]
[225]
[226]
[232]
[234]
[235]
[236]
[239]
[241]
[242]
[243]
[244]
[245]
[246]
[248]
[251]
[253]
[254, 273]
[255]
[259]
[260]
[261]
[262]
[263]
[265]
[267]
[268]
[271]
[272]
[275]
[277]
