[0]
[1, 114, 130]
[2]
[3, 78]
[4]
[5]
[6]
[7, 87, 106]
[8]
[9, 81]
[10]
[11]
[12, 50, 108]
[13, 70, 133]
[14, 18]
[15]
[16]
[17, 62, 102]
[19, 84, 85]
[20, 98]
[21]
[22]
[23, 110]
[24, 33, 105]
[25, 39, 47]
[26]
[27]
[28]
[29]
[30]
[31]
[32]
[34]
[35]
[36]
[37, 40]
[38]
[41, 82]
[42]
[43]
[44, 103, 121]
[45]
[46]
[48, 127]
[49]
[51]
[52, 92]
[53, 91]
[54]
[55, 94]
[56]
[57, 124]
[58]
[59]
[60]
[61]
[63, 72]
[64]
[65]
[66]
[67]
[68, 120]
[69, 122]
[71, 97]
[73]
[74, 109]
[75]
[76]
[77]
[79]
[80]
[83, 125]
[86]
[88]
[89, 123]
[90]
[93]
[95]
[96]
[99]
[100]
[101]
[104, 111]
[107]
[112]
[113]
[115]
[116]
[117]
[118]
[119]
[126]
[128]
[129]
[131]
[132, 137]
[134]
[135]
[136]
[138]
