[0]
[1, 85]
[2]
[3, 33, 103]
[4]
[5]
[6, 17, 75]
[7, 60, 84]
[8]
[9]
[10, 122]
[11]
[12, 128]
[13]
[14]
[15, 86]
[16]
[18, 120]
[19]
[20, 126]
[21, 72, 78]
[22]
[23]
[24]
[25, 53]
[26]
[27, 69]
[28]
[29, 74, 116]
[30, 121]
[31, 43, 99]
[32]
[34, 111]
[35]
[36]
[37]
[38]
[39]
[40]
[41]
[42]
[44]
[45]
[46, 135]
[47]
[48, 91]
[49, 61, 63]
[50]
[51, 81, 102]
[52]
[54]
[55]
[56]
[57]
[58, 115]
[59]
[62, 66]
[64, 89]
[65, 67]
[68, 123]
[70, 95]
[71]
[73, 119, 131]
[76]
[77, 114]
[79]
[80]
[82]
[83]
[87]
[88]
[90, 117]
[92]
[93]
[94]
[96]
[97]
[98]
[100]
[101]
[104, 113]
[105]
[106]
[107]
[108]
[109]
[110]
[112]
[118]
[124]
[125]
[127]
[129]
[130]
[132]
[133]
[134]
[136]
[137]
[138]
