[0, 47]
[1, 33]
[2]
[3]
[4, 8]
[5]
[6, 9, 96]
[7]
[10]
[11, 48]
[12, 87]
[13]
[14]
[15]
[16, 69, 92]
[17, 74, 100]
[18, 90]
[19]
[20]
[21]
[22]
[23]
[24]
[25]
[26, 85]
[27]
[28]
[29, 103]
[30, 132]
[31]
[32, 36, 70]
[34]
[35]
[37, 58, 98]
[38]
[39]
[40]
[41, 78, 126]
[42]
[43]
[44, 75]
[45]
[46]
[49]
[50, 54]
[51, 113, 122]
[52, 59, 63]
[53]
[55, 110]
[56]
[57]
[60]
[61, 124]
[62]
[64]
[65, 80]
[66, 93]
[67]
[68]
[71]
[72]
[73, 117, 120]
[76, 102]
[77, 109]
[79]
[81]
[82]
[83]
[84]
[86, 99]
[88]
[89]
[91]
[94]
[95]
[97]
[101]
[104]
[105]
[106]
[107]
[108]
[111]
[112]
[114]
[115]
[116, 131]
[118, 125]
[119]
[121]
[123]
[127]
[128]
[129]
[130]
[133, 134]
[135]
[136]
[137]
[138]
