[0]
[1, 122]
[2, 14]
[3, 81]
[4]
[5, 82]
[6]
[7]
[8, 29]
[9]
[10]
[11, 79]
[12]
[13, 41]
[15]
[16]
[17, 65, 108]
[18, 86]
[19, 118]
[20]
[21, 87]
[22, 37, 115]
[23]
[24]
[25, 135]
[26, 51]
[27, 64, 69]
[28, 136]
[30]
[31]
[32]
[33, 38, 89]
[34]
[35]
[36]
[39]
[40]
[42]
[43]
[44]
[45, 99, 102]
[46, 78, 112]
[47, 48]
[49]
[50, 111]
[52]
[53]
[54, 97]
[55]
[56]
[57]
[58]
[59]
[60, 114, 121]
[61]
[62, 76, 125]
[63]
[66]
[67]
[68, 110, 131]
[70]
[71]
[72]
[73]
[74]
[75]
[77]
[80, 101]
[83]
[84, 137]
[85]
[88]
[90, 100]
[91]
[92]
[93]
[94, 128]
[95]
[96]
[98]
[103]
[104]
[105]
[106]
[107]
[109]
[113]
[116]
[117]
[119]
[120, 134]
[123]
[124]
[126]
[127]
[129]
[130]
[132]
[133]
[138]
