[0, 9, 99]
[1, 22]
[2]
[3, 40, 127]
[4, 93, 105]
[5, 11, 133]
[6, 48, 66]
[7]
[8]
[10, 82]
[12, 75]
[13, 69, 118]
[14]
[15, 51]
[16]
[17, 121]
[18]
[19]
[20]
[21]
[23, 38]
[24, 101]
[25]
[26]
[27]
[28, 35]
[29]
[30, 94]
[31]
[32]
[33]
[34]
[36, 42]
[37, 122]
[39]
[41, 43]
[44]
[45]
[46]
[47]
[49, 79, 89]
[50]
[52, 112]
[53]
[54, 91]
[55]
[56, 64]
[57]
[58, 87]
[59]
[60]
[61, 126]
[62, 92, 95]
[63]
[65]
[67]
[68]
[70, 117]
[71]
[72]
[73]
[74]
[76, 84, 102]
[77]
[78]
[80]
[81]
[83]
[85, 104]
[86]
[88]
[90]
[96]
[97]
[98]
[100]
[103]
[106, 116]
[107]
[108]
[109]
[110]
[111]
[113]
[114]
[115]
[119]
[120]
[123]
[124]
[125]
[128, 138]
[129]
[130]
[131]
[132]
[134]
[135]
[136]
[137]
