[0, 130]
[1, 52]
[2]
[3]
[4, 36]
[5]
[6, 101]
[7, 58, 63]
[8, 128]
[9]
[10, 15, 69]
[11, 111]
[12, 39, 75]
[13]
[14]
[16]
[17, 51, 72]
[18]
[19, 135]
[20]
[21, 35]
[22]
[23, 42]
[24]
[25]
[26]
[27]
[28]
[29, 46, 85]
[30, 96, 106]
[31, 73]
[32]
[33]
[34]
[37]
[38, 57, 113]
[40]
[41]
[43]
[44, 124]
[45]
[47]
[48, 88]
[49, 86]
[50]
[53]
[54]
[55]
[56]
[59, 83]
[60, 80, 127]
[61]
[62]
[64, 91]
[65, 93]
[66]
[67]
[68]
[70]
[71]
[74]
[76]
[77]
[78, 132, 138]
[79]
[81]
[82]
[84, 125]
[87]
[89]
[90]
[92]
[94, 105]
[95]
[97]
[98]
[99]
[100]
[102]
[103]
[104, 115]
[107]
[108]
[109]
[110]
[112]
[114]
[116]
[117]
[118]
[119]
[120]
[121, 123]
[122]
[126]
[129, 131]
[133]
[134]
[136]
[137]
