[0]
[1]
[2, 18, 100]
[3, 76]
[4]
[5]
[6, 7, 128]
[8, 37]
[9, 28]
[10]
[11]
[12]
[13]
[14]
[15, 43]
[16]
[17]
[19, 26]
[20, 33]
[21, 49, 126]
[22]
[23]
[24]
[25]
[27]
[29]
[30]
[31, 88, 103]
[32]
[34]
[35]
[36, 108, 133]
[38]
[39, 77]
[40]
[41, 90, 97]
[42]
[44, 78]
[45]
[46, 79]
[47]
[48]
[50, 60]
[51, 96]
[52]
[53, 120]
[54]
[55, 72]
[56]
[57]
[58]
[59]
[61]
[62, 112]
[63]
[64]
[65, 125]
[66]
[67, 74, 104]
[68, 115]
[69, 99]
[70]
[71, 131, 132]
[73]
[75]
[80]
[81, 127]
[82]
[83, 85]
[84]
[86]
[87]
[89]
[91]
[92]
[93]
[94]
[95]
[98]
[101, 122]
[102]
[105, 111, 124]
[106]
[107]
[109]
[110]
[113]
[114, 119]
[116]
[117]
[118]
[121]
[123]
[129]
[130]
[134]
[135]
[136]
[137]
[138]
