[0, 24]
[1, 13, 67]
[2]
[3]
[4]
[5, 57, 101]
[6]
[7, 94]
[8]
[9]
[10]
[11]
[12, 79]
[14]
[15]
[16]
[17, 55, 129]
[18, 36]
[19, 83]
[20]
[21]
[22]
[23]
[25, 43, 102]
[26, 85]
[27]
[28]
[29]
[30, 71]
[31]
[32]
[33]
[34, 60, 107]
[35]
[37]
[38]
[39]
[40, 66]
[41]
[42]
[44, 58]
[45, 136]
[46]
[47, 61]
[48]
[49, 65]
[50, 103]
[51, 81]
[52, 59]
[53, 115, 130]
[54]
[56, 97]
[62, 133]
[63]
[64]
[68]
[69, 76, 121]
[70]
[72, 114]
[73]
[74, 126]
[75]
[77]
[78]
[80]
[82]
[84]
[86]
[87, 134]
[88]
[89]
[90]
[91]
[92]
[93]
[95, 98]
[96]
[99]
[100]
[104]
[105]
[106]
[108]
[109]
[110]
[111]
[112]
[113]
[116]
[117, 127, 135]
[118]
[119]
[120]
[122, 132, 138]
[123]
[124]
[125]
[128]
[131]
[137]
