[0, 60]
[1, 38, 83]
[2, 10, 37]
[3, 7]
[4, 63, 92]
[5]
[6]
[8, 22, 52]
[9, 77, 80]
[11, 76, 108]
[12]
[13, 121]
[14, 105]
[15]
[16, 69]
[17]
[18, 130]
[19, 21]
[20]
[23, 95, 100]
[24]
[25]
[26, 71]
[27]
[28, 96]
[29, 33]
[30]
[31, 59, 131]
[32]
[34, 110]
[35]
[36]
[39]
[40]
[41]
[42]
[43]
[44]
[45]
[46]
[47, 54, 58]
[48, 51]
[49]
[50, 107]
[53]
[55, 86]
[56, 129]
[57]
[61]
[62]
[64]
[65]
[66]
[67]
[68, 136]
[70, 94]
[72]
[73]
[74]
[75]
[78]
[79]
[81]
[82]
[84]
[85]
[87]
[88]
[89]
[90, 112]
[91]
[93]
[97, 101]
[98]
[99]
[102]
[103]
[104]
[106]
[109]
[111]
[113]
[114]
[115, 138]
[116]
[117, 124]
[118]
[119]
[120]
[122]
[123]
[125]
[126]
[127]
[128]
[132]
[133]
[134]
[135]
[137]
