[0, 95]
[1]
[2, 19, 43]
[3]
[4]
[5]
[6, 67]
[7, 75, 102]
[8]
[9]
[10]
[11]
[12]
[13, 82]
[14, 114]
[15]
[16]
[17]
[18, 71, 119]
[20, 77, 135]
[21]
[22]
[23, 129]
[24]
[25]
[26, 28, 61]
[27]
[29, 50, 86]
[30]
[31]
[32]
[33]
[34, 133]
[35, 108]
[36, 68]
[37]
[38, 49]
[39, 40, 45]
[41]
[42]
[44, 106]
[46, 62]
[47, 94]
[48, 138]
[51]
[52]
[53]
[54, 85]
[55, 72]
[56]
[57]
[58, 66, 70]
[59]
[60]
[63, 97]
[64]
[65]
[69, 110]
[73, 99, 105]
[74, 87]
[76]
[78]
[79]
[80]
[81]
[83]
[84, 115]
[88]
[89]
[90]
[91]
[92]
[93]
[96]
[98]
[100]
[101]
[103]
[104]
[107]
[109]
[111]
[112]
[113, 122]
[116]
[117, 131]
[118]
[120]
[121]
[123]
[124]
[125]
[126]
[127]
[128]
[130]
[132]
[134]
[136]
[137]
