[0, 69]
[1]
[2]
[3, 97]
[4, 129]
[5, 105]
[6]
[7]
[8]
[9]
[10, 31, 78]
[11]
[12]
[13, 106]
[14, 44, 83]
[15]
[16, 47]
[17]
[18, 138]
[19, 58]
[20]
[21]
[22]
[23, 54]
[24, 61]
[25, 29]
[26]
[27]
[28]
[30]
[32, 72]
[33]
[34, 51, 62]
[35]
[36]
[37]
[38]
[39]
[40]
[41]
[42, 82]
[43]
[45, 76, 132]
[46]
[48]
[49, 79]
[50]
[52, 67, 112]
[53]
[55]
[56]
[57]
[59, 77, 90]
[60]
[63]
[64]
[65]
[66, 123, 127]
[68]
[70]
[71, 111]
[73]
[74, 108]
[75]
[80]
[81]
[84]
[85, 126]
[86, 125]
[87]
[88, 96]
[89, 109, 137]
[91, 102, 120]
[92, 93]
[94]
[95]
[98]
[99, 107]
[100]
[101]
[103]
[104]
[110]
[113]
[114]
[115]
[116]
[117]
[118]
[119]
[121]
[122]
[124]
[128]
[130]
[131]
[133]
[134]
[135]
[136]
