[0]
[1]
[2]
[3, 69]
[4]
[5, 103]
[6, 12, 101]
[7]
[8, 23, 97]
[9]
[10, 38]
[11, 16]
[13, 30, 126]
[14, 37]
[15, 74]
[17, 33]
[18]
[19, 49, 135]
[20, 48, 118]
[21]
[22, 76]
[24]
[25, 122]
[26, 106]
[27, 53, 102]
[28]
[29]
[31]
[32, 36, 51]
[34]
[35]
[39, 81]
[40]
[41]
[42]
[43, 137]
[44, 50, 138]
[45]
[46]
[47]
[52]
[54]
[55]
[56]
[57, 88]
[58, 129]
[59]
[60, 96]
[61]
[62]
[63]
[64]
[65, 71, 112]
[66]
[67]
[68]
[70]
[72]
[73]
[75]
[77, 89]
[78]
[79]
[80]
[82]
[83, 123]
[84]
[85]
[86]
[87, 113]
[90]
[91]
[92]
[93]
[94]
[95]
[98]
[99]
[100]
[104]
[105]
[107]
[108]
[109]
[110]
[111]
[114]
[115, 117]
[116]
[119, 125]
[120]
[121]
[124]
[127, 131]
[128]
[130]
[132]
[133]
[134]
[136]
