[0]
[1, 96]
[2]
[3]
[4]
[5]
[6]
[7, 188]
[8]
[9, 186]
[10]
[11, 130]
[12]
[13]
[14, 138]
[15, 91]
[16, 69]
[17, 165]
[18]
[19]
[20, 103]
[21]
[22]
[23, 72]
[24]
[25]
[26]
[27, 55]
[28, 70]
[29]
[30, 79]
[31, 97]
[32]
[33]
[34]
[35]
[36]
[37, 135]
[38, 95]
[39]
[40, 83]
[41]
[42]
[43]
[44]
[45]
[46]
[47]
[48, 124]
[49]
[50]
[51]
[52]
[53]
[54]
[56, 157]
[57, 179]
[58, 85]
[59, 167]
[60]
[61]
[62]
[63]
[64, 90]
[65, 111]
[66]
[67]
[68]
[71]
[73]
[74]
[75, 151]
[76]
[77, 152]
[78, 149]
[80, 180]
[81]
[82]
[84, 159]
[86]
[87]
[88]
[89]
[92]
[93]
[94, 104]
[98]
[99]
[100]
[101]
[102]
[105]
[106]
[107]
[108]
[109]
[110, 182]
[112, 171]
[113]
[114]
[115, 175]
[116]
[117]
[118]
[119]
[120, 145]
[121]
[122]
[123]
[125, 148]
[126]
[127]
[128]
[129]
[131]
[132]
[133]
[134, 177]
[136]
[137, 155]
[139]
[140, 190]
[141]
[142]
[143]
[144, 170]
[146]
[147, 154]
[150]
[153]
[156, 160]
[158]
[161]
[162]
[163]
[164]
[166]
[168, 189]
[169, 174]
[172, 173]
[176]
[178]
[181]
[183]
[184]
[185]
[187]
[191, 194]
[192]
[193]
