[0, 428, 1373]
[1, 326, 1368]
[2]
[3, 234]
[4]
[5, 149, 395]
[6]
[7, 832]
[8, 1316]
[9]
[10, 422, 1238]
[11, 144]
[12, 769, 1123]
[13]
[14]
[15]
[16, 1075, 1093]
[17]
[18, 877, 1378]
[19]
[20]
[21, 78]
[22]
[23, 1322]
[24, 478]
[25, 151]
[26, 1076]
[27]
[28, 1120]
[29]
[30]
[31]
[32, 463]
[33, 1100]
[34, 1343]
[35]
[36, 377]
[37]
[38, 251, 920]
[39, 283]
[40, 1254]
[41, 233, 793]
[42]
[43]
[44]
[45]
[46]
[47, 596]
[48]
[49]
[50]
[51]
[52]
[53, 658, 706]
[54, 711, 911]
[55, 703]
[56, 147, 549]
[57]
[58]
[59, 187, 822]
[60, 1253]
[61]
[62]
[63]
[64]
[65]
[66]
[67, 566]
[68]
[69]
[70]
[71, 222, 513]
[72, 279, 399]
[73, 638]
[74, 186, 487]
[75, 608]
[76, 1357]
[77]
[79, 468, 1002]
[80]
[81, 571, 1023]
[82, 1181]
[83]
[84, 696]
[85]
[86, 704]
[87]
[88]
[89, 1155]
[90, 1344]
[91]
[92]
[93]
[94]
[95]
[96]
[97, 1147]
[98, 382]
[99, 274]
[100, 1359]
[101]
[102]
[103, 1056]
[104, 411, 921]
[105, 836, 1232]
[106, 1092, 1276]
[107]
[108, 572, 1209]
[109, 668]
[110, 557, 827]
[111, 194, 616]
[112]
[113, 1000, 1082]
[114, 335]
[115]
[116, 1104]
[117, 277]
[118]
[119]
[120]
[121]
[122]
[123]
[124, 243, 350]
[125, 174]
[126]
[127, 600]
[128]
[129]
[130]
[131]
[132]
[133]
[134]
[135, 915]
[136]
[137, 1157]
[138, 420, 1178]
[139]
[140]
[141, 213, 427]
[142, 263]
[143]
[145]
[146, 553]
[148, 458]
[150, 1271]
[152, 1074]
[153, 528, 1325]
[154, 531]
[155]
[156, 585, 1386]
[157]
[158, 676, 939]
[159, 1379]
[160]
[161]
[162, 961]
[163, 545]
[164]
[165, 381, 431]
[166]
[167]
[168]
[169, 828]
[170]
[171, 372]
[172]
[173]
[175, 294]
[176]
[177]
[178]
[179]
[180, 364]
[181, 946]
[182, 860, 1142]
[183, 959]
[184]
[185, 677]
[188]
[189]
[190, 985, 1367]
[191, 412]
[192, 561]
[193]
[195]
[196]
[197]
[198, 1112]
[199]
[200, 895]
[201, 955]
[202, 524]
[203]
[204]
[205, 460, 1289]
[206, 1010]
[207]
[208]
[209]
[210, 967]
[211, 605, 998]
[212]
[214]
[215]
[216]
[217, 480, 848]
[218, 829]
[219]
[220]
[221]
[223]
[224]
[225]
[226, 1221]
[227]
[228]
[229, 254, 1311]
[230, 307]
[231, 1356]
[232]
[235]
[236]
[237]
[238, 551, 1252]
[239, 656]
[240]
[241, 851, 913]
[242]
[244, 891]
[245]
[246]
[247, 310]
[248, 284]
[249, 1197]
[250]
[252, 804]
[253]
[255]
[256, 348]
[257]
[258]
[259]
[260]
[261]
[262, 492]
[264, 1020, 1329]
[265]
[266, 941]
[267]
[268]
[269]
[270]
[271, 466]
[272]
[273]
[275]
[276, 471, 940]
[278, 824]
[280, 1337]
[281, 685, 1381]
[282]
[285]
[286]
[287, 806, 1286]
[288, 880, 1288]
[289, 1038]
[290]
[291, 483, 830]
[292]
[293]
[295]
[296, 657]
[297]
[298, 777]
[299, 737, 821]
[300]
[301]
[302]
[303]
[304, 817]
[305]
[306, 653]
[308]
[309]
[311]
[312]
[313, 413]
[314, 856]
[315, 484]
[316, 787]
[317, 1135]
[318]
[319, 1028]
[320, 786]
[321, 396, 890]
[322, 970]
[323, 521, 689]
[324]
[325, 1274]
[327]
[328, 910, 1293]
[329, 621, 1102]
[330, 871]
[331, 1032]
[332]
[333]
[334, 434]
[336]
[337, 728]
[338]
[339, 1303]
[340]
[341, 772]
[342]
[343]
[344, 406, 773]
[345]
[346]
[347, 573, 1189]
[349, 855, 1241]
[351]
[352]
[353, 976, 1111]
[354, 1188]
[355, 567]
[356, 1059]
[357, 1321]
[358, 717]
[359, 721]
[360]
[361, 886, 1050]
[362]
[363]
[365]
[366]
[367]
[368]
[369, 692]
[370, 1171]
[371, 456, 991]
[373]
[374]
[375]
[376]
[378]
[379, 1349]
[380, 1190]
[383, 384]
[385]
[386, 979, 1192]
[387]
[388]
[389]
[390]
[391]
[392]
[393, 415, 908]
[394, 1342]
[397]
[398, 719]
[400]
[401]
[402]
[403]
[404, 564, 1179]
[405, 924]
[407]
[408, 1012]
[409, 1126]
[410, 732, 811]
[414, 473, 896]
[416]
[417, 1256]
[418]
[419]
[421, 448]
[423, 1370]
[424]
[425]
[426, 510]
[429, 845, 1372]
[430]
[432]
[433, 470]
[435]
[436]
[437, 1044, 1261]
[438]
[439]
[440, 591]
[441, 1267, 1331]
[442]
[443]
[444, 641]
[445]
[446]
[447, 474, 794]
[449]
[450]
[451]
[452]
[453, 1236]
[454]
[455]
[457]
[459]
[461]
[462]
[464, 670, 763]
[465, 894]
[467]
[469, 866]
[472]
[475, 592, 1388]
[476, 1242]
[477]
[479]
[481, 810, 1363]
[482]
[485]
[486]
[488]
[489]
[490, 1058]
[491]
[493]
[494, 1348, 1352]
[495]
[496]
[497]
[498]
[499, 812]
[500, 562]
[501, 1272]
[502]
[503]
[504]
[505]
[506, 1245]
[507]
[508]
[509]
[511]
[512]
[514]
[515, 546]
[516]
[517]
[518]
[519, 814]
[520, 748, 1212]
[522, 1096]
[523]
[525]
[526]
[527]
[529]
[530]
[532, 900]
[533]
[534]
[535, 548, 1095]
[536]
[537]
[538, 1216]
[539, 974]
[540]
[541, 587]
[542]
[543]
[544]
[547, 1247]
[550, 691, 887]
[552]
[554]
[555]
[556]
[558, 669]
[559, 715, 1137]
[560]
[563, 791, 1159]
[565]
[568, 764]
[569]
[570]
[574]
[575]
[576, 802]
[577]
[578, 1176]
[579]
[580, 986]
[581]
[582]
[583]
[584, 588]
[586]
[589]
[590]
[593]
[594]
[595]
[597, 634]
[598, 746, 1097]
[599]
[601, 872]
[602]
[603, 1073, 1145]
[604]
[606]
[607]
[609]
[610, 1168]
[611]
[612]
[613, 724, 1270]
[614]
[615]
[617]
[618]
[619]
[620, 1162]
[622, 755]
[623]
[624]
[625]
[626]
[627]
[628]
[629, 682, 867]
[630]
[631, 1041]
[632, 990]
[633]
[635, 1369]
[636, 712, 906]
[637, 1054]
[639]
[640]
[642, 1160]
[643]
[644]
[645]
[646, 694]
[647]
[648]
[649, 899]
[650, 1072, 1213]
[651]
[652, 1273]
[654, 862, 969]
[655]
[659]
[660]
[661, 898]
[662]
[663]
[664]
[665]
[666]
[667, 766, 1119]
[671]
[672]
[673, 729]
[674]
[675]
[678]
[679, 1153]
[680]
[681, 1304]
[683]
[684, 1034]
[686]
[687]
[688]
[690]
[693]
[695, 1315]
[697]
[698]
[699]
[700]
[701]
[702]
[705]
[707]
[708]
[709]
[710]
[713]
[714]
[716]
[718]
[720]
[722, 838, 996]
[723, 1182]
[725, 933]
[726]
[727]
[730]
[731]
[733]
[734]
[735]
[736]
[738]
[739, 1224, 1346]
[740]
[741]
[742]
[743]
[744]
[745]
[747]
[749]
[750]
[751, 929]
[752, 762]
[753]
[754]
[756, 999]
[757]
[758]
[759]
[760]
[761]
[765]
[767]
[768, 1333]
[770, 839]
[771, 912]
[774]
[775]
[776, 1122]
[778]
[779]
[780]
[781, 1027]
[782]
[783]
[784]
[785, 909]
[788]
[789]
[790, 897]
[792]
[795]
[796]
[797]
[798]
[799]
[800]
[801]
[803]
[805, 825]
[807]
[808]
[809]
[813]
[815, 994]
[816]
[818]
[819]
[820]
[823, 1263]
[826]
[831]
[833]
[834, 888, 1187]
[835, 1161]
[837]
[840]
[841]
[842, 1340]
[843]
[844, 884, 1049]
[846]
[847]
[849]
[850]
[852, 1229]
[853, 1246]
[854]
[857]
[858]
[859, 875]
[861]
[863]
[864]
[865]
[868]
[869]
[870]
[873]
[874]
[876]
[878]
[879, 1339]
[881]
[882]
[883]
[885]
[889]
[892]
[893]
[901]
[902]
[903]
[904]
[905]
[907]
[914]
[916]
[917, 1314]
[918, 1380]
[919]
[922]
[923]
[925]
[926]
[927]
[928]
[930]
[931]
[932]
[934]
[935]
[936]
[937]
[938]
[942, 1328]
[943]
[944]
[945, 1206, 1217]
[947, 1063]
[948]
[949]
[950]
[951]
[952]
[953]
[954]
[956]
[957]
[958]
[960, 1180]
[962]
[963]
[964]
[965, 1295]
[966]
[968]
[971]
[972, 1149]
[973]
[975]
[977]
[978]
[980]
[981]
[982]
[983]
[984, 1083]
[987]
[988]
[989, 1164]
[992]
[993]
[995]
[997]
[1001]
[1003]
[1004]
[1005]
[1006]
[1007]
[1008]
[1009]
[1011]
[1013]
[1014]
[1015]
[1016, 1124]
[1017]
[1018]
[1019]
[1021]
[1022]
[1024]
[1025, 1233]
[1026]
[1029]
[1030]
[1031]
[1033]
[1035]
[1036]
[1037]
[1039]
[1040]
[1042]
[1043]
[1045]
[1046]
[1047]
[1048]
[1051]
[1052]
[1053]
[1055]
[1057]
[1060]
[1061]
[1062]
[1064]
[1065]
[1066, 1306]
[1067]
[1068]
[1069]
[1070]
[1071]
[1077, 1109, 1382]
[1078]
[1079, 1214, 1248]
[1080]
[1081]
[1084]
[1085]
[1086]
[1087]
[1088]
[1089]
[1090]
[1091]
[1094]
[1098]
[1099]
[1101]
[1103]
[1105]
[1106]
[1107]
[1108]
[1110]
[1113]
[1114]
[1115]
[1116]
[1117]
[1118]
[1121]
[1125]
[1127]
[1128]
[1129, 1185]
[1130]
[1131]
[1132]
[1133]
[1134]
[1136]
[1138, 1172]
[1139, 1154]
[1140]
[1141]
[1143]
[1144]
[1146, 1249]
[1148]
[1150, 1287]
[1151]
[1152]
[1156, 1335]
[1158]
[1163]
[1165, 1208]
[1166]
[1167]
[1169]
[1170]
[1173, 1362]
[1174]
[1175]
[1177]
[1183]
[1184]
[1186]
[1191]
[1193, 1281]
[1194]
[1195]
[1196]
[1198]
[1199]
[1200]
[1201]
[1202]
[1203]
[1204]
[1205]
[1207]
[1210]
[1211]
[1215]
[1218]
[1219, 1332]
[1220]
[1222]
[1223]
[1225]
[1226]
[1227]
[1228, 1265]
[1230]
[1231]
[1234]
[1235]
[1237]
[1239]
[1240]
[1243]
[1244]
[1250]
[1251]
[1255]
[1257]
[1258]
[1259]
[1260]
[1262]
[1264]
[1266]
[1268]
[1269]
[1275]
[1277]
[1278]
[1279]
[1280]
[1282]
[1283]
[1284]
[1285]
[1290]
[1291]
[1292]
[1294]
[1296]
[1297]
[1298]
[1299]
[1300]
[1301]
[1302]
[1305]
[1307]
[1308]
[1309]
[1310]
[1312]
[1313]
[1317]
[1318]
[1319]
[1320]
[1323]
[1324]
[1326]
[1327]
[1330]
[1334]
[1336]
[1338]
[1341]
[1345]
[1347]
[1350]
[1351]
[1353]
[1354]
[1355]
[1358]
[1360]
[1361]
[1364]
[1365]
[1366]
[1371]
[1374]
[1375]
[1376]
[1377]
[1383]
[1384]
[1385]
[1387]
[1389]
