[0, 134]
[1]
[2, 126]
[3]
[4, 91]
[5, 162]
[6]
[7]
[8]
[9]
[10]
[11, 95]
[12]
[13, 17]
[14]
[15]
[16, 77]
[18]
[19]
[20]
[21]
[22, 123]
[23]
[24]
[25]
[26]
[27]
[28]
[29]
[30]
[31]
[32]
[33]
[34, 49]
[35, 215]
[36]
[37, 188]
[38]
[39, 129]
[40, 135]
[41]
[42, 63]
[43, 100]
[44]
[45, 258]
[46]
[47, 131]
[48]
[50, 127]
[51, 250]
[52, 166]
[53, 164]
[54]
[55, 109]
[56, 225]
[57, 201]
[58, 245]
[59]
[60]
[61]
[62]
[64]
[65, 222]
[66]
[67, 94]
[68, 224]
[69, 220]
[70, 196]
[71]
[72]
[73]
[74]
[75]
[76, 149]
[78]
[79]
[80]
[81]
[82]
[83]
[84]
[85, 256]
[86]
[87, 120]
[88, 151]
[89]
[90, 228]
[92]
[93, 121]
[96, 128]
[97]
[98, 141]
[99, 251]
[101]
[102]
[103, 241]
[104]
[105, 187]
[106]
[107]
[108]
[110]
[111]
[112]
[113]
[114]
[115]
[116]
[117, 238]
[118]
[119, 205]
[122]
[124]
[125]
[130]
[132]
[133, 179]
[136]
[137]
[138]
[139, 217]
[140]
[142, 255]
[143]
[144, 232]
[145]
[146]
[147]
[148, 199]
[150]
[152]
[153]
[154]
[155, 223]
[156]
[157]
[158]
[159, 184]
[160, 219]
[161]
[163, 252]
[165]
[167]
[168]
[169, 211]
[170, 197]
[171]
[172]
[173]
[174]
[175]
[176]
[177]
[178]
[180]
[181]
[182, 227]
[183]
[185]
[186]
[189, 226]
[190, 246]
[191]
[192]
[193]
[194]
[195]
[198]
[200]
[202]
[203, 249]
[204]
[206]
[207]
[208]
[209]
[210]
[212]
[213, 243]
[214]
[216]
[218]
[221]
[229, 239]
[230]
[231]
[233]
[234]
[235]
[236]
[237]
[240]
[242]
[244]
[247]
[248]
[253]
[254]
[257]
[259]
