[0]
[1, 59]
[2, 18]
[3, 4, 99]
[5]
[6, 16, 47]
[7]
[8]
[9, 100]
[10]
[11]
[12, 131]
[13, 73, 80]
[14, 36, 50]
[15, 125]
[17]
[19]
[20]
[21]
[22]
[23, 90]
[24, 130]
[25]
[26]
[27, 98]
[28]
[29, 42, 86]
[30]
[31]
[32]
[33]
[34]
[35, 52, 109]
[37, 126, 134]
[38]
[39, 48]
[40]
[41]
[43]
[44]
[45, 129]
[46]
[49, 106, 111]
[51, 94]
[53]
[54]
[55]
[56]
[57]
[58]
[60]
[61]
[62]
[63]
[64]
[65, 114]
[66]
[67]
[68]
[69]
[70]
[71]
[72, 81, 136]
[74, 108]
[75]
[76, 88]
[77]
[78]
[79]
[82, 113]
[83]
[84]
[85, 137]
[87, 96]
[89]
[91, 95]
[92]
[93]
[97]
[101]
[102]
[103]
[104, 122]
[105, 135]
[107]
[110, 119]
[112]
[115]
[116]
[117]
[118]
[120]
[121]
[123]
[124]
[127]
[128]
[132]
[133]
[138]
