[0]
[1, 90]
[2, 366]
[3]
[4, 397, 593]
[5, 259, 416]
[6]
[7]
[8, 434]
[9]
[10, 346]
[11]
[12, 284, 367]
[13]
[14]
[15, 322]
[16]
[17, 118]
[18, 185]
[19]
[20, 70]
[21]
[22, 236]
[23, 190]
[24, 501, 643]
[25]
[26]
[27, 442]
[28, 276]
[29, 452]
[30]
[31]
[32, 444]
[33]
[34]
[35, 129]
[36, 164]
[37]
[38, 617]
[39]
[40, 439]
[41, 341]
[42]
[43]
[44]
[45, 200, 590]
[46]
[47]
[48]
[49, 218]
[50]
[51, 87, 192]
[52]
[53, 627]
[54, 454, 677]
[55]
[56]
[57, 534]
[58]
[59]
[60, 413]
[61, 580]
[62]
[63]
[64, 576]
[65]
[66, 663]
[67]
[68]
[69]
[71]
[72, 376]
[73, 320]
[74]
[75, 206, 650]
[76, 261, 623]
[77, 692]
[78]
[79, 175]
[80, 263, 307]
[81, 245, 688]
[82]
[83]
[84]
[85, 256, 605]
[86]
[88, 168]
[89]
[91, 519]
[92]
[93]
[94, 499]
[95, 209, 411]
[96]
[97, 418, 548]
[98]
[99]
[100, 600]
[101, 489, 589]
[102, 498]
[103]
[104]
[105, 618, 654]
[106]
[107, 311]
[108, 128]
[109, 136, 694]
[110]
[111]
[112]
[113, 302]
[114, 524]
[115, 414, 671]
[116]
[117, 343, 651]
[119]
[120]
[121]
[122, 344, 508]
[123]
[124]
[125]
[126]
[127]
[130]
[131]
[132]
[133]
[134]
[135]
[137, 180]
[138, 171, 266]
[139, 337]
[140]
[141]
[142, 389, 633]
[143]
[144, 153, 570]
[145]
[146, 579]
[147]
[148]
[149, 582]
[150]
[151]
[152, 314, 560]
[154]
[155]
[156]
[157, 572, 659]
[158, 288]
[159, 176, 648]
[160]
[161]
[162, 217]
[163]
[165]
[166]
[167, 500, 622]
[169]
[170, 258]
[172, 422]
[173, 347, 616]
[174]
[177]
[178, 563]
[179]
[181]
[182]
[183]
[184]
[186, 426, 473]
[187]
[188, 479, 502]
[189, 332]
[191, 394]
[193]
[194]
[195]
[196, 221]
[197, 398]
[198, 213]
[199, 478, 652]
[201, 587]
[202]
[203, 462, 510]
[204, 264, 628]
[205]
[207, 515, 646]
[208]
[210]
[211]
[212]
[214]
[215, 219]
[216, 435, 574]
[220, 240, 464]
[222]
[223]
[224, 624]
[225]
[226]
[227]
[228]
[229]
[230]
[231, 674]
[232, 540]
[233]
[234, 675]
[235]
[237, 486]
[238]
[239, 459]
[241]
[242]
[243, 558]
[244]
[246]
[247]
[248, 299, 424]
[249, 328]
[250, 384]
[251]
[252, 326]
[253]
[254]
[255, 312]
[257, 404]
[260, 451]
[262]
[265]
[267]
[268, 662]
[269]
[270]
[271, 290]
[272]
[273]
[274]
[275]
[277, 393, 566]
[278]
[279, 281]
[280]
[282]
[283]
[285]
[286]
[287]
[289]
[291]
[292]
[293]
[294]
[295]
[296]
[297]
[298]
[300, 410]
[301]
[303]
[304]
[305]
[306]
[308]
[309]
[310]
[313]
[315]
[316, 526]
[317]
[318, 431]
[319]
[321, 353]
[323]
[324]
[325]
[327]
[329]
[330]
[331, 535]
[333]
[334]
[335]
[336, 564]
[338]
[339]
[340]
[342]
[345]
[348]
[349, 497]
[350]
[351]
[352, 585, 673]
[354]
[355, 467]
[356]
[357]
[358, 598]
[359]
[360, 409]
[361]
[362]
[363]
[364]
[365]
[368]
[369]
[370, 487, 490]
[371]
[372, 402]
[373]
[374]
[375]
[377]
[378]
[379, 415]
[380]
[381]
[382]
[383, 525, 679]
[385]
[386]
[387]
[388]
[390]
[391]
[392]
[395]
[396]
[399, 645, 680]
[400]
[401]
[403, 554, 557]
[405]
[406]
[407]
[408]
[412, 547]
[417]
[419, 450]
[420]
[421, 584]
[423]
[425]
[427]
[428]
[429, 471]
[430, 658]
[432, 522]
[433]
[436]
[437]
[438]
[440]
[441, 578, 620]
[443]
[445]
[446, 601]
[447]
[448]
[449]
[453]
[455]
[456, 550]
[457]
[458, 609, 683]
[460]
[461]
[463]
[465]
[466]
[468]
[469, 607]
[470]
[472]
[474]
[475]
[476, 523]
[477]
[480, 583]
[481]
[482]
[483]
[484]
[485]
[488]
[491]
[492]
[493]
[494]
[495]
[496]
[503]
[504]
[505]
[506]
[507]
[509]
[511]
[512, 555]
[513]
[514]
[516]
[517]
[518]
[520]
[521]
[527, 581]
[528]
[529]
[530, 611]
[531, 660]
[532]
[533]
[536]
[537]
[538, 573]
[539, 615]
[541]
[542]
[543]
[544]
[545]
[546]
[549]
[551]
[552]
[553]
[556]
[559]
[561]
[562]
[565, 595]
[567]
[568]
[569]
[571]
[575, 676]
[577]
[586]
[588]
[591]
[592]
[594]
[596]
[597]
[599]
[602, 642]
[603]
[604]
[606]
[608]
[610]
[612]
[613]
[614]
[619, 678]
[621]
[625, 656]
[626]
[629]
[630]
[631]
[632]
[634]
[635]
[636]
[637]
[638]
[639]
[640]
[641]
[644]
[647]
[649]
[653]
[655]
[657]
[661]
[664]
[665]
[666]
[667]
[668]
[669]
[670]
[672]
[681]
[682]
[684]
[685]
[686]
[687]
[689]
[690]
[691]
[693]
