[0]
[1]
[2, 150, 404]
[3]
[4, 171, 697]
[5, 1072, 1297]
[6]
[7, 819, 1279]
[8, 482, 1036]
[9]
[10]
[11]
[12]
[13]
[14]
[15, 790, 1103]
[16, 1073]
[17, 1105]
[18, 1246]
[19, 571]
[20, 547, 1140]
[21]
[22, 67]
[23]
[24]
[25, 415]
[26]
[27, 458, 977]
[28]
[29]
[30]
[31, 283]
[32]
[33]
[34]
[35, 1106]
[36]
[37]
[38]
[39, 1304]
[40]
[41, 1294, 1352]
[42]
[43, 898]
[44, 737]
[45]
[46, 644]
[47, 812, 1293]
[48, 221, 1307]
[49, 965]
[50]
[51, 553, 648]
[52, 436]
[53]
[54, 227, 1037]
[55]
[56]
[57, 825, 1186]
[58, 970]
[59, 349, 820]
[60]
[61]
[62, 240]
[63]
[64]
[65]
[66]
[68, 104]
[69]
[70, 485]
[71]
[72, 350]
[73]
[74]
[75, 501]
[76, 1256]
[77, 413, 669]
[78, 1216]
[79]
[80]
[81]
[82, 385, 457]
[83, 277]
[84]
[85]
[86]
[87]
[88, 1124]
[89, 459]
[90, 764, 946]
[91, 174]
[92, 813]
[93]
[94, 925, 1185]
[95, 336, 870]
[96, 103, 1323]
[97, 1114, 1315]
[98]
[99]
[100]
[101]
[102, 278]
[105, 1345]
[106]
[107]
[108, 575]
[109, 1321]
[110, 250, 1044]
[111]
[112]
[113, 1200, 1229]
[114]
[115, 918, 1179]
[116, 810]
[117]
[118]
[119]
[120]
[121]
[122]
[123, 804]
[124]
[125]
[126, 577, 821]
[127, 1137]
[128, 621, 1136]
[129, 445, 750]
[130]
[131]
[132, 357, 1184]
[133]
[134]
[135]
[136]
[137]
[138]
[139, 775, 1370]
[140, 677]
[141]
[142]
[143]
[144]
[145, 262]
[146, 405]
[147, 866, 1228]
[148, 1230]
[149, 649]
[151]
[152]
[153]
[154]
[155, 223]
[156]
[157]
[158, 541]
[159]
[160]
[161, 713, 924]
[162]
[163]
[164]
[165]
[166]
[167]
[168]
[169]
[170]
[172, 183]
[173, 521]
[175, 340]
[176]
[177]
[178]
[179, 1260]
[180, 1236]
[181, 1249]
[182]
[184, 818, 1127]
[185, 531]
[186]
[187, 774, 1116]
[188, 1043]
[189]
[190]
[191]
[192]
[193]
[194, 242, 1134]
[195, 515]
[196]
[197]
[198, 653, 1023]
[199]
[200, 216]
[201, 682]
[202, 424, 580]
[203, 285, 1065]
[204, 396]
[205]
[206]
[207, 617]
[208, 527]
[209, 1272]
[210]
[211]
[212, 709, 808]
[213, 1061]
[214]
[215]
[217, 847]
[218]
[219, 1081]
[220]
[222]
[224]
[225, 955]
[226]
[228]
[229, 569]
[230]
[231, 393]
[232, 517, 1099]
[233]
[234, 725, 900]
[235, 247]
[236, 992]
[237]
[238]
[239]
[241]
[243, 611, 1039]
[244]
[245, 997]
[246, 762, 836]
[248, 255, 715]
[249, 612, 923]
[251, 1320]
[252]
[253]
[254, 863]
[256]
[257, 796]
[258]
[259]
[260]
[261]
[263, 773]
[264, 306, 546]
[265]
[266, 719]
[267, 423]
[268, 502]
[269, 646]
[270]
[271, 321, 1054]
[272]
[273, 980]
[274]
[275, 535]
[276, 1270]
[279]
[280, 574, 585]
[281, 471]
[282, 1126]
[284]
[286]
[287, 1148, 1223]
[288, 428]
[289]
[290]
[291, 497]
[292]
[293]
[294, 540]
[295]
[296, 905]
[297, 1202]
[298]
[299, 390, 730]
[300]
[301, 586]
[302, 397]
[303]
[304]
[305]
[307, 427]
[308, 433, 732]
[309, 328, 1154]
[310, 729, 1331]
[311, 903]
[312, 590]
[313, 564]
[314]
[315]
[316, 607, 712]
[317]
[318]
[319, 944, 1255]
[320]
[322, 652, 1162]
[323, 841]
[324, 1117]
[325]
[326]
[327]
[329, 702, 1176]
[330, 446, 1342]
[331, 464]
[332, 429]
[333]
[334]
[335]
[337]
[338, 626]
[339, 1369]
[341]
[342]
[343]
[344]
[345]
[346]
[347, 724, 815]
[348]
[351]
[352]
[353]
[354, 1381]
[355]
[356]
[358]
[359, 886]
[360]
[361, 746]
[362, 865]
[363]
[364, 1312]
[365]
[366, 683]
[367, 1108]
[368, 690]
[369]
[370, 875]
[371, 1280]
[372]
[373, 964]
[374]
[375, 1309]
[376, 647]
[377]
[378, 794, 1276]
[379]
[380, 563, 1347]
[381]
[382, 1129]
[383, 528, 1349]
[384, 801, 880]
[386]
[387]
[388]
[389, 537]
[391]
[392]
[394]
[395]
[398]
[399]
[400, 486]
[401]
[402]
[403]
[406]
[407, 1274]
[408]
[409, 639]
[410]
[411, 767, 830]
[412]
[414, 634]
[416]
[417, 1093]
[418]
[419]
[420]
[421, 641, 884]
[422]
[425, 514]
[426, 460]
[430]
[431]
[432]
[434]
[435]
[437]
[438]
[439]
[440, 1264]
[441]
[442, 608]
[443, 1089, 1194]
[444]
[447, 938]
[448]
[449]
[450]
[451]
[452]
[453]
[454]
[455]
[456]
[461]
[462]
[463]
[465]
[466, 845]
[467]
[468, 849]
[469]
[470]
[472]
[473]
[474]
[475]
[476, 999]
[477, 1016]
[478]
[479, 498]
[480]
[481, 800]
[483, 619]
[484]
[487, 983, 1267]
[488]
[489, 1189]
[490]
[491]
[492]
[493]
[494, 674]
[495]
[496]
[499, 636]
[500, 1013]
[503, 787, 954]
[504]
[505]
[506]
[507, 985, 1278]
[508]
[509]
[510]
[511]
[512]
[513]
[516, 602, 927]
[518, 752, 1382]
[519]
[520, 1128]
[522]
[523]
[524]
[525]
[526]
[529]
[530]
[532]
[533]
[534]
[536]
[538]
[539, 1104]
[542]
[543]
[544, 628, 1067]
[545]
[548, 765, 888]
[549]
[550, 668, 707]
[551, 902]
[552]
[554, 1112]
[555]
[556, 1169]
[557]
[558]
[559]
[560, 928, 956]
[561]
[562, 868]
[565, 1350, 1389]
[566, 857]
[567, 890, 929]
[568]
[570, 666]
[572, 885, 1222]
[573]
[576, 1131]
[578]
[579]
[581, 982, 1208]
[582]
[583, 824]
[584]
[587]
[588]
[589]
[591, 637]
[592]
[593]
[594]
[595]
[596]
[597]
[598]
[599]
[600, 1265]
[601]
[603]
[604, 706, 1326]
[605]
[606]
[609, 704]
[610, 1243]
[613]
[614]
[615, 1172, 1324]
[616]
[618]
[620, 1002, 1035]
[622, 1055]
[623, 1376]
[624, 780]
[625]
[627]
[629]
[630]
[631, 1360]
[632]
[633, 789]
[635]
[638]
[640, 1282]
[642, 1029]
[643]
[645]
[650]
[651]
[654]
[655]
[656]
[657]
[658, 1380]
[659]
[660]
[661]
[662]
[663, 963, 1339]
[664]
[665, 1198]
[667]
[670]
[671, 698]
[672]
[673, 1318]
[675]
[676]
[678]
[679]
[680]
[681]
[684, 1077]
[685]
[686]
[687]
[688]
[689]
[691]
[692]
[693, 871]
[694]
[695, 1006]
[696]
[699]
[700]
[701, 947]
[703, 1028]
[705, 1335]
[708]
[710]
[711, 1375]
[714]
[716]
[717, 1332]
[718]
[720, 869, 1122]
[721]
[722]
[723, 1084]
[726]
[727]
[728]
[731, 1096, 1188]
[733, 1082]
[734]
[735]
[736]
[738, 1156]
[739]
[740, 1057]
[741]
[742, 822]
[743]
[744]
[745, 1000]
[747, 1196]
[748, 770]
[749]
[751]
[753]
[754]
[755]
[756]
[757]
[758]
[759]
[760]
[761]
[763]
[766, 878]
[768, 784]
[769]
[771]
[772]
[776]
[777]
[778, 913]
[779]
[781, 1078]
[782]
[783]
[785]
[786, 1074]
[788, 1253]
[791, 1273]
[792, 1049, 1364]
[793]
[795]
[797]
[798]
[799]
[802]
[803]
[805, 961]
[806]
[807]
[809]
[811, 1092]
[814, 912]
[816, 1080]
[817]
[823]
[826, 1308]
[827, 1254]
[828]
[829, 1266, 1281]
[831]
[832]
[833]
[834]
[835]
[837, 1020, 1053]
[838]
[839]
[840]
[842]
[843]
[844]
[846, 1146]
[848]
[850, 1237]
[851]
[852]
[853]
[854]
[855]
[856, 1362]
[858]
[859]
[860]
[861]
[862]
[864, 1133]
[867]
[872]
[873]
[874]
[876]
[877, 1121]
[879, 1115]
[881]
[882]
[883]
[887]
[889]
[891]
[892]
[893, 1139, 1180]
[894, 1187]
[895]
[896]
[897]
[899]
[901]
[904]
[906, 1050, 1170]
[907]
[908]
[909]
[910]
[911]
[914]
[915]
[916]
[917, 1368]
[919]
[920]
[921]
[922]
[926]
[930, 1314]
[931]
[932]
[933]
[934, 959]
[935, 986]
[936]
[937]
[939]
[940]
[941]
[942]
[943]
[945]
[948]
[949]
[950]
[951]
[952]
[953]
[957]
[958]
[960]
[962]
[966]
[967]
[968]
[969]
[971, 1008]
[972]
[973]
[974]
[975]
[976]
[978]
[979]
[981]
[984]
[987]
[988]
[989]
[990]
[991]
[993]
[994, 1005]
[995]
[996]
[998]
[1001]
[1003]
[1004]
[1007]
[1009]
[1010]
[1011]
[1012]
[1014]
[1015]
[1017]
[1018]
[1019]
[1021]
[1022]
[1024]
[1025]
[1026]
[1027]
[1030]
[1031]
[1032]
[1033, 1310]
[1034]
[1038, 1351]
[1040]
[1041]
[1042]
[1045]
[1046]
[1047]
[1048]
[1051]
[1052]
[1056]
[1058]
[1059]
[1060]
[1062]
[1063, 1354]
[1064]
[1066]
[1068]
[1069]
[1070]
[1071]
[1075]
[1076]
[1079]
[1083]
[1085]
[1086]
[1087]
[1088]
[1090]
[1091]
[1094]
[1095]
[1097]
[1098, 1226]
[1100]
[1101]
[1102]
[1107]
[1109]
[1110]
[1111]
[1113]
[1118, 1177]
[1119]
[1120]
[1123]
[1125]
[1130]
[1132]
[1135]
[1138]
[1141]
[1142]
[1143]
[1144, 1193]
[1145]
[1147]
[1149]
[1150]
[1151]
[1152]
[1153]
[1155]
[1157]
[1158]
[1159]
[1160]
[1161]
[1163]
[1164, 1241]
[1165]
[1166, 1385]
[1167]
[1168]
[1171]
[1173]
[1174]
[1175]
[1178]
[1181]
[1182]
[1183]
[1190]
[1191]
[1192]
[1195]
[1197]
[1199]
[1201]
[1203]
[1204]
[1205]
[1206]
[1207]
[1209]
[1210]
[1211]
[1212]
[1213]
[1214]
[1215]
[1217]
[1218]
[1219]
[1220, 1322]
[1221]
[1224]
[1225]
[1227]
[1231]
[1232, 1336]
[1233]
[1234]
[1235]
[1238]
[1239]
[1240]
[1242]
[1244]
[1245]
[1247]
[1248]
[1250]
[1251]
[1252]
[1257]
[1258]
[1259]
[1261]
[1262]
[1263]
[1268]
[1269]
[1271]
[1275]
[1277]
[1283]
[1284]
[1285]
[1286]
[1287]
[1288]
[1289]
[1290]
[1291]
[1292]
[1295]
[1296]
[1298]
[1299]
[1300]
[1301]
[1302]
[1303]
[1305]
[1306, 1328]
[1311, 1361]
[1313]
[1316]
[1317]
[1319]
[1325]
[1327]
[1329]
[1330]
[1333]
[1334]
[1337]
[1338]
[1340]
[1341]
[1343]
[1344]
[1346]
[1348]
[1353]
[1355]
[1356]
[1357]
[1358]
[1359]
[1363]
[1365]
[1366]
[1367]
[1371]
[1372]
[1373]
[1374]
[1377]
[1378]
[1379]
[1383]
[1384]
[1386]
[1387]
[1388]
