[0, 630]
[1, 698, 1284]
[2]
[3, 516]
[4]
[5]
[6]
[7]
[8]
[9, 496, 708]
[10]
[11, 679, 1353]
[12, 781, 1219]
[13]
[14]
[15, 727, 1062]
[16]
[17, 229, 591]
[18, 537, 949]
[19, 836, 1383]
[20]
[21]
[22]
[23]
[24]
[25, 1007]
[26]
[27]
[28]
[29]
[30, 515]
[31]
[32, 313, 392]
[33, 588]
[34, 863]
[35]
[36, 909, 975]
[37, 1245, 1364]
[38]
[39, 610]
[40]
[41]
[42, 465, 1179]
[43, 552]
[44]
[45, 325]
[46]
[47, 447]
[48, 632, 986]
[49]
[50]
[51]
[52]
[53, 694, 1375]
[54]
[55]
[56]
[57]
[58]
[59, 1344]
[60, 237, 262]
[61]
[62]
[63, 70]
[64]
[65, 861]
[66, 1167]
[67, 327, 1166]
[68, 1309]
[69, 710, 870]
[71]
[72, 1034, 1387]
[73]
[74, 480, 523]
[75]
[76]
[77, 865, 1388]
[78]
[79, 1141]
[80, 652]
[81]
[82, 1330]
[83]
[84, 740]
[85]
[86, 934]
[87, 1153]
[88, 1106]
[89]
[90]
[91]
[92]
[93, 1155]
[94]
[95, 167, 812]
[96]
[97, 904]
[98]
[99]
[100, 238, 1244]
[101, 371]
[102]
[103]
[104]
[105, 918, 1059]
[106, 1104]
[107, 331, 1206]
[108]
[109]
[110]
[111]
[112, 420, 1351]
[113, 814]
[114, 614, 1124]
[115]
[116]
[117, 324]
[118, 216, 441]
[119]
[120, 774]
[121]
[122]
[123]
[124, 667]
[125, 341]
[126, 753]
[127, 772, 1289]
[128, 953]
[129]
[130, 931]
[131]
[132, 472, 1053]
[133, 822]
[134]
[135, 436, 439]
[136, 493]
[137, 789, 1048]
[138]
[139]
[140]
[141]
[142]
[143, 1115]
[144]
[145, 578]
[146, 475]
[147, 795]
[148]
[149]
[150]
[151, 497]
[152]
[153, 1264]
[154]
[155, 937, 1111]
[156]
[157]
[158]
[159]
[160]
[161]
[162]
[163, 891, 1252]
[164, 360, 432]
[165, 502]
[166]
[168]
[169, 526]
[170, 680]
[171, 894]
[172, 985]
[173, 747, 1186]
[174]
[175]
[176]
[177, 936]
[178, 887, 1174]
[179]
[180]
[181, 351, 615]
[182]
[183]
[184]
[185]
[186, 555]
[187, 208]
[188]
[189, 254]
[190, 545]
[191, 1290]
[192]
[193]
[194]
[195]
[196, 872]
[197, 427]
[198]
[199, 397]
[200, 334, 637]
[201, 252, 1308]
[202]
[203]
[204]
[205, 246]
[206]
[207, 988]
[209]
[210]
[211]
[212, 379]
[213, 687]
[214]
[215, 961, 1013]
[217]
[218]
[219, 463]
[220]
[221]
[222, 534]
[223]
[224]
[225, 856, 1229]
[226]
[227, 1083, 1144]
[228]
[230, 879]
[231, 558]
[232]
[233]
[234]
[235, 431]
[236]
[239]
[240, 733, 1031]
[241]
[242]
[243, 421]
[244, 368]
[245, 285]
[247, 629]
[248]
[249]
[250, 1195]
[251, 477]
[253]
[255]
[256]
[257, 914]
[258, 900]
[259, 408]
[260]
[261]
[263, 517, 1097]
[264]
[265]
[266]
[267, 829]
[268]
[269, 1210]
[270]
[271, 905, 993]
[272, 883]
[273]
[274, 811]
[275]
[276]
[277, 881]
[278, 539]
[279, 1068]
[280, 531]
[281, 319, 1326]
[282, 1009]
[283, 613, 1280]
[284]
[286]
[287]
[288, 600]
[289]
[290, 1061]
[291, 544]
[292, 323, 971]
[293, 390]
[294]
[295]
[296]
[297, 470, 977]
[298]
[299]
[300]
[301]
[302]
[303]
[304]
[305, 693]
[306, 1299]
[307]
[308]
[309]
[310, 532, 767]
[311]
[312, 819, 950]
[314, 790, 813]
[315]
[316]
[317]
[318, 339]
[320]
[321]
[322, 521]
[326]
[328, 676]
[329, 461, 1337]
[330, 980]
[332]
[333]
[335, 577]
[336, 567]
[337]
[338]
[340, 688]
[342]
[343]
[344, 538]
[345]
[346, 1038, 1192]
[347, 426, 1279]
[348]
[349, 569]
[350, 451]
[352]
[353]
[354, 876]
[355, 455]
[356]
[357, 594]
[358]
[359, 438, 471]
[361, 1293]
[362]
[363]
[364]
[365]
[366]
[367]
[369]
[370]
[372]
[373]
[374]
[375]
[376, 946]
[377, 1041]
[378]
[380]
[381]
[382, 1362]
[383]
[384, 543]
[385]
[386, 612]
[387]
[388, 1095]
[389, 641]
[391]
[393]
[394]
[395]
[396, 467]
[398]
[399, 707]
[400]
[401, 491]
[402, 852]
[403]
[404]
[405, 664, 983]
[406]
[407]
[409]
[410, 1291]
[411]
[412, 416]
[413]
[414]
[415]
[417]
[418]
[419]
[422, 848]
[423, 943]
[424, 509, 1044]
[425, 966]
[428, 1057]
[429]
[430]
[433]
[434, 1125, 1329]
[435]
[437]
[440]
[442, 450, 871]
[443, 484]
[444, 570, 728]
[445]
[446]
[448]
[449]
[452]
[453]
[454]
[456]
[457]
[458]
[459]
[460, 1145]
[462]
[464, 623]
[466]
[468]
[469, 1374]
[473]
[474]
[476, 917, 1341]
[478]
[479, 1081]
[481]
[482, 758]
[483]
[485]
[486, 702, 1001]
[487, 1047]
[488]
[489]
[490]
[492]
[494]
[495]
[498]
[499]
[500]
[501]
[503, 584, 787]
[504]
[505]
[506]
[507, 1379]
[508, 1274]
[510]
[511]
[512]
[513]
[514, 1292]
[518]
[519, 663]
[520, 665]
[522]
[524, 786, 808]
[525, 1019, 1078]
[527]
[528]
[529]
[530, 1336]
[533, 1298, 1357]
[535]
[536]
[540]
[541]
[542, 1345]
[546, 1265]
[547, 858, 996]
[548, 1045]
[549]
[550]
[551]
[553]
[554]
[556, 942, 955]
[557, 670]
[559, 1253, 1381]
[560]
[561, 1142]
[562]
[563]
[564, 756]
[565]
[566]
[568]
[571, 1164]
[572, 1250]
[573]
[574]
[575, 782, 1042]
[576, 1084]
[579, 729, 903]
[580]
[581, 1136]
[582]
[583]
[585, 846]
[586]
[587]
[589, 1343]
[590, 841]
[592]
[593, 869, 982]
[595, 831, 922]
[596]
[597]
[598]
[599]
[601, 1295]
[602]
[603, 910]
[604]
[605]
[606]
[607]
[608]
[609, 656]
[611, 1262]
[616]
[617]
[618, 634, 1318]
[619]
[620]
[621]
[622]
[624]
[625]
[626, 969, 1203]
[627]
[628]
[631]
[633]
[635]
[636, 1243]
[638]
[639]
[640, 737]
[642]
[643]
[644]
[645]
[646, 1140]
[647]
[648, 837, 1305]
[649]
[650]
[651, 1199]
[653]
[654, 1151]
[655]
[657]
[658]
[659]
[660]
[661]
[662]
[666]
[668]
[669]
[671, 1228]
[672, 956]
[673]
[674]
[675]
[677]
[678, 726]
[681]
[682]
[683]
[684]
[685]
[686]
[689, 1020]
[690, 1263]
[691]
[692, 748, 804]
[695]
[696]
[697]
[699]
[700]
[701]
[703, 916]
[704, 851, 1366]
[705]
[706, 839]
[709]
[711]
[712, 1160, 1310]
[713, 1021]
[714]
[715]
[716, 1149]
[717]
[718]
[719]
[720]
[721, 888]
[722]
[723]
[724, 1074]
[725]
[730, 1271]
[731]
[732, 885, 1189]
[734]
[735, 927]
[736]
[738]
[739]
[741, 875]
[742, 1232]
[743]
[744]
[745]
[746]
[749]
[750]
[751]
[752]
[754, 965, 1294]
[755]
[757]
[759]
[760]
[761]
[762]
[763]
[764]
[765]
[766]
[768, 1200]
[769, 868]
[770]
[771]
[773]
[775, 1214]
[776, 1118]
[777]
[778]
[779]
[780]
[783]
[784]
[785, 1194]
[788]
[791]
[792]
[793, 849, 1238]
[794]
[796]
[797]
[798]
[799]
[800]
[801]
[802]
[803, 1060]
[805]
[806]
[807]
[809, 1156, 1370]
[810]
[815]
[816]
[817]
[818]
[820]
[821]
[823]
[824, 925]
[825]
[826]
[827, 1223]
[828]
[830, 1080, 1102]
[832, 1030]
[833]
[834]
[835]
[838]
[840]
[842, 1316]
[843]
[844]
[845]
[847]
[850, 1255]
[853]
[854]
[855, 1029]
[857]
[859, 1177]
[860]
[862, 1365]
[864]
[866]
[867]
[873]
[874]
[877]
[878]
[880]
[882]
[884]
[886, 1161]
[889]
[890, 1350]
[892, 1172]
[893]
[895]
[896, 1010]
[897]
[898, 1107]
[899]
[901, 1237]
[902, 908, 1139]
[906, 1340]
[907]
[911]
[912]
[913, 1376]
[915]
[919]
[920]
[921, 1000]
[923]
[924]
[926]
[928]
[929]
[930]
[932]
[933]
[935]
[938, 1165]
[939]
[940]
[941]
[944]
[945]
[947]
[948]
[951, 1017]
[952]
[954]
[957]
[958]
[959]
[960]
[962]
[963, 1331]
[964]
[967]
[968]
[970]
[972]
[973, 1012]
[974, 1018]
[976]
[978]
[979, 1103, 1132]
[981]
[984]
[987]
[989]
[990]
[991, 1101]
[992, 1332]
[994]
[995]
[997]
[998, 1110]
[999]
[1002]
[1003]
[1004, 1257]
[1005]
[1006]
[1008]
[1011]
[1014]
[1015]
[1016]
[1022]
[1023]
[1024]
[1025]
[1026]
[1027, 1258, 1325]
[1028]
[1032, 1176]
[1033]
[1035, 1082, 1349]
[1036]
[1037]
[1039]
[1040, 1135, 1261]
[1043]
[1046]
[1049]
[1050]
[1051]
[1052]
[1054]
[1055]
[1056]
[1058]
[1063]
[1064]
[1065, 1183]
[1066]
[1067]
[1069]
[1070]
[1071]
[1072]
[1073]
[1075]
[1076]
[1077]
[1079]
[1085]
[1086, 1382]
[1087]
[1088]
[1089]
[1090]
[1091]
[1092]
[1093]
[1094]
[1096]
[1098]
[1099]
[1100]
[1105, 1127]
[1108, 1278]
[1109]
[1112]
[1113]
[1114]
[1116]
[1117]
[1119]
[1120]
[1121]
[1122]
[1123]
[1126]
[1128]
[1129]
[1130]
[1131]
[1133]
[1134]
[1137]
[1138]
[1143]
[1146]
[1147]
[1148]
[1150]
[1152]
[1154]
[1157]
[1158]
[1159]
[1162]
[1163]
[1168]
[1169]
[1170]
[1171, 1230]
[1173]
[1175]
[1178]
[1180]
[1181]
[1182]
[1184]
[1185]
[1187]
[1188]
[1190]
[1191]
[1193]
[1196]
[1197]
[1198]
[1201]
[1202]
[1204]
[1205]
[1207]
[1208]
[1209]
[1211]
[1212]
[1213, 1327]
[1215]
[1216]
[1217]
[1218]
[1220]
[1221]
[1222]
[1224]
[1225]
[1226]
[1227]
[1231]
[1233]
[1234]
[1235]
[1236]
[1239]
[1240]
[1241]
[1242]
[1246]
[1247]
[1248]
[1249]
[1251]
[1254]
[1256]
[1259]
[1260]
[1266]
[1267]
[1268]
[1269]
[1270]
[1272]
[1273]
[1275]
[1276]
[1277]
[1281]
[1282]
[1283]
[1285]
[1286]
[1287, 1311]
[1288]
[1296]
[1297]
[1300]
[1301]
[1302]
[1303]
[1304]
[1306]
[1307]
[1312]
[1313]
[1314]
[1315]
[1317]
[1319]
[1320]
[1321]
[1322]
[1323]
[1324]
[1328]
[1333]
[1334]
[1335]
[1338]
[1339]
[1342]
[1346]
[1347]
[1348]
[1352]
[1354]
[1355]
[1356]
[1358]
[1359]
[1360]
[1361]
[1363]
[1367]
[1368]
[1369]
[1371]
[1372]
[1373]
[1377]
[1378]
[1380]
[1384]
[1385]
[1386]
[1389]
