[0]
[1]
[2]
[3, 1311]
[4, 101, 331]
[5]
[6]
[7, 964]
[8, 621]
[9]
[10]
[11, 410]
[12, 476]
[13, 1114, 1336]
[14]
[15]
[16]
[17]
[18, 220, 563]
[19, 789]
[20, 401]
[21, 351, 877]
[22]
[23, 507]
[24, 592, 1000]
[25]
[26, 76]
[27, 1346]
[28]
[29]
[30, 164, 1286]
[31]
[32]
[33]
[34, 287, 591]
[35, 161]
[36, 808]
[37, 127, 1254]
[38]
[39]
[40]
[41, 1246]
[42]
[43, 1365]
[44]
[45]
[46]
[47]
[48]
[49, 197]
[50]
[51, 926, 1003]
[52, 464, 628]
[53]
[54]
[55]
[56]
[57, 189, 1111]
[58]
[59]
[60, 365]
[61]
[62]
[63, 1019, 1323]
[64]
[65, 619]
[66, 768]
[67]
[68]
[69]
[70, 1040, 1240]
[71, 179, 1347]
[72]
[73, 405]
[74]
[75]
[77]
[78, 820, 1195]
[79, 593]
[80, 374]
[81]
[82, 1022, 1234]
[83, 1113]
[84]
[85, 1116]
[86, 389, 1024]
[87, 1102]
[88, 998]
[89]
[90]
[91, 534]
[92]
[93, 394]
[94]
[95, 321]
[96]
[97]
[98, 1287]
[99]
[100]
[102]
[103]
[104, 150, 830]
[105, 645, 664]
[106]
[107]
[108]
[109, 304]
[110, 884]
[111]
[112, 1228]
[113]
[114, 947]
[115]
[116, 149]
[117]
[118]
[119, 523]
[120]
[121, 753, 1388]
[122]
[123]
[124]
[125]
[126]
[128]
[129, 601]
[130]
[131]
[132]
[133]
[134]
[135, 1329]
[136, 1006]
[137]
[138]
[139, 1222, 1384]
[140, 967, 1046]
[141]
[142, 257, 431]
[143]
[144, 1162]
[145, 325, 1057]
[146, 246]
[147]
[148]
[151]
[152, 1238]
[153]
[154, 980]
[155]
[156]
[157, 302]
[158, 712]
[159]
[160, 363, 720]
[162, 274]
[163]
[165]
[166]
[167, 549, 1350]
[168, 1194, 1361]
[169, 1201]
[170, 271, 900]
[171, 1204]
[172]
[173, 323, 869]
[174, 908, 1289]
[175, 223, 437]
[176]
[177]
[178, 693, 1211]
[180]
[181]
[182]
[183]
[184]
[185]
[186, 266, 700]
[187]
[188]
[190]
[191]
[192, 596, 1017]
[193]
[194]
[195]
[196, 532]
[198, 745]
[199, 1370]
[200]
[201]
[202]
[203, 872, 1165]
[204]
[205]
[206]
[207, 1293]
[208]
[209]
[210, 648, 924]
[211]
[212]
[213, 231, 831]
[214, 1041, 1179]
[215]
[216]
[217, 528]
[218]
[219, 840]
[221, 835, 1263]
[222, 556, 1016]
[224]
[225, 829, 1068]
[226]
[227]
[228]
[229]
[230, 424, 477]
[232, 360]
[233]
[234, 950, 1076]
[235, 1227]
[236]
[237]
[238]
[239, 667, 1127]
[240, 340, 1075]
[241]
[242, 1379]
[243, 1069]
[244]
[245, 552]
[247, 536, 690]
[248]
[249]
[250]
[251]
[252]
[253]
[254]
[255, 426]
[256]
[258]
[259]
[260]
[261, 651]
[262]
[263]
[264]
[265, 1290]
[267]
[268]
[269]
[270]
[272]
[273, 1049]
[275]
[276]
[277, 1340]
[278]
[279]
[280]
[281]
[282]
[283]
[284]
[285]
[286, 427, 1077]
[288]
[289]
[290, 490]
[291]
[292, 1358]
[293]
[294]
[295, 838]
[296]
[297]
[298]
[299, 636]
[300]
[301]
[303]
[305]
[306]
[307]
[308, 710]
[309, 483, 1367]
[310, 920]
[311, 433]
[312, 800]
[313]
[314, 765]
[315, 1173]
[316]
[317]
[318]
[319, 453]
[320]
[322, 878]
[324]
[326]
[327, 911]
[328]
[329]
[330]
[332, 675]
[333, 1331]
[334, 1230]
[335, 761]
[336]
[337, 1200]
[338, 1374]
[339, 1011]
[341]
[342, 441, 883]
[343]
[344]
[345]
[346]
[347, 1198]
[348]
[349]
[350, 458]
[352]
[353, 526]
[354]
[355]
[356]
[357]
[358, 1156, 1190]
[359, 578]
[361]
[362, 1353]
[364]
[366, 957, 1167]
[367]
[368]
[369, 746]
[370]
[371, 1330]
[372, 1223]
[373]
[375]
[376, 708]
[377]
[378, 1187, 1245]
[379, 530]
[380, 979]
[381]
[382]
[383]
[384]
[385]
[386]
[387, 555]
[388, 672]
[390]
[391]
[392]
[393]
[395, 817]
[396, 423]
[397]
[398, 487, 554]
[399, 1132]
[400]
[402, 1052]
[403, 425]
[404]
[406]
[407]
[408, 709]
[409]
[411, 836]
[412]
[413]
[414]
[415, 1221]
[416]
[417, 686, 1219]
[418]
[419]
[420]
[421]
[422]
[428]
[429]
[430]
[432]
[434]
[435]
[436, 635]
[438]
[439]
[440]
[442, 893]
[443]
[444]
[445]
[446, 864]
[447]
[448, 595, 845]
[449, 524]
[450, 482, 1186]
[451, 535]
[452, 1124, 1385]
[454]
[455]
[456]
[457, 896]
[459, 699, 918]
[460, 860]
[461]
[462, 1208]
[463]
[465]
[466]
[467, 1233]
[468]
[469]
[470]
[471, 721, 1070]
[472, 1078]
[473]
[474]
[475, 574, 974]
[478, 567, 989]
[479]
[480]
[481]
[484]
[485]
[486]
[488, 1059]
[489]
[491]
[492, 1157, 1270]
[493, 1262]
[494, 1095]
[495, 1248]
[496]
[497, 996]
[498]
[499]
[500]
[501, 968]
[502, 1236, 1247]
[503]
[504, 929, 1061]
[505]
[506]
[508, 914]
[509]
[510, 655, 1148]
[511]
[512, 816]
[513, 1129]
[514]
[515]
[516]
[517]
[518]
[519]
[520]
[521, 1117]
[522, 1279, 1325]
[525, 706]
[527]
[529]
[531, 649]
[533]
[537, 575]
[538, 611, 1026]
[539, 811]
[540]
[541]
[542]
[543]
[544, 1112]
[545]
[546]
[547, 917]
[548]
[550, 854, 927]
[551, 851]
[553, 970, 1172]
[557]
[558, 785]
[559]
[560]
[561]
[562]
[564]
[565]
[566, 757]
[568, 629]
[569]
[570, 1212, 1292]
[571]
[572, 1255]
[573]
[576]
[577]
[579]
[580, 597, 1312]
[581, 656, 1333]
[582]
[583]
[584]
[585]
[586]
[587]
[588]
[589, 909, 1383]
[590]
[594]
[598]
[599]
[600]
[602]
[603]
[604]
[605]
[606]
[607]
[608]
[609]
[610]
[612, 834]
[613, 999]
[614]
[615]
[616, 756, 1094]
[617]
[618, 912]
[620]
[622]
[623]
[624]
[625]
[626, 848]
[627, 1009]
[630]
[631, 1169]
[632]
[633]
[634]
[637]
[638]
[639]
[640]
[641]
[642, 683]
[643]
[644]
[646, 755]
[647, 1180]
[650]
[652, 1351]
[653]
[654]
[657, 828, 1269]
[658]
[659]
[660, 770]
[661, 1039]
[662]
[663, 922]
[665]
[666]
[668]
[669, 673, 1360]
[670, 674, 1138]
[671]
[676]
[677]
[678, 1321]
[679]
[680]
[681]
[682]
[684]
[685]
[687, 689, 735]
[688]
[691]
[692]
[694, 1108, 1150]
[695]
[696]
[697, 1082]
[698]
[701]
[702]
[703, 976]
[704]
[705, 1305]
[707, 810]
[711, 803]
[713]
[714]
[715]
[716, 921]
[717]
[718, 1135]
[719]
[722]
[723]
[724]
[725]
[726]
[727]
[728]
[729]
[730]
[731, 1191]
[732]
[733, 825]
[734, 739]
[736]
[737]
[738]
[740]
[741]
[742]
[743]
[744, 1063]
[747]
[748]
[749]
[750, 891]
[751]
[752, 1065]
[754, 941]
[758]
[759, 801]
[760]
[762, 955]
[763]
[764]
[766]
[767]
[769]
[771]
[772]
[773, 774]
[775]
[776]
[777]
[778]
[779]
[780]
[781]
[782]
[783]
[784]
[786]
[787]
[788]
[790]
[791]
[792]
[793]
[794]
[795]
[796, 1051]
[797]
[798]
[799]
[802, 870]
[804]
[805, 1327]
[806, 887, 962]
[807, 852]
[809]
[812]
[813]
[814]
[815]
[818]
[819]
[821, 858]
[822]
[823]
[824]
[826]
[827]
[832]
[833]
[837]
[839]
[841]
[842]
[843]
[844]
[846, 1265]
[847]
[849]
[850]
[853]
[855]
[856]
[857, 975]
[859]
[861, 1166, 1207]
[862]
[863]
[865]
[866]
[867, 1302]
[868]
[871]
[873]
[874]
[875]
[876]
[879]
[880, 1359]
[881]
[882]
[885]
[886]
[888, 1073]
[889]
[890, 1085]
[892]
[894, 971]
[895, 1143, 1182]
[897, 1088, 1176]
[898]
[899, 1142]
[901]
[902, 997, 1324]
[903, 944]
[904, 937]
[905]
[906]
[907]
[910]
[913]
[915]
[916]
[919]
[923]
[925]
[928]
[930]
[931]
[932]
[933, 1023, 1338]
[934]
[935, 1352]
[936]
[938, 1368]
[939]
[940]
[942]
[943]
[945]
[946]
[948, 1130]
[949, 1072]
[951]
[952]
[953]
[954]
[956, 1110, 1242]
[958]
[959]
[960, 1381]
[961]
[963]
[965]
[966]
[969, 1309]
[972]
[973, 981]
[977]
[978]
[982]
[983]
[984, 1171]
[985]
[986]
[987]
[988]
[990, 1319]
[991]
[992]
[993]
[994]
[995]
[1001, 1181]
[1002]
[1004]
[1005, 1217, 1345]
[1007, 1118]
[1008, 1349]
[1010]
[1012]
[1013]
[1014]
[1015, 1081]
[1018]
[1020, 1322]
[1021, 1334]
[1025]
[1027]
[1028]
[1029, 1149]
[1030]
[1031]
[1032]
[1033, 1380]
[1034, 1225, 1250]
[1035]
[1036]
[1037]
[1038]
[1042]
[1043]
[1044]
[1045]
[1047]
[1048]
[1050]
[1053, 1376]
[1054]
[1055, 1320]
[1056]
[1058]
[1060, 1273]
[1062]
[1064]
[1066]
[1067]
[1071]
[1074]
[1079]
[1080]
[1083]
[1084]
[1086, 1373]
[1087]
[1089]
[1090]
[1091]
[1092]
[1093]
[1096, 1226, 1335]
[1097]
[1098]
[1099, 1120]
[1100]
[1101]
[1103, 1294]
[1104, 1125, 1298]
[1105]
[1106]
[1107]
[1109]
[1115]
[1119]
[1121]
[1122]
[1123]
[1126, 1203]
[1128]
[1131]
[1133]
[1134]
[1136]
[1137]
[1139]
[1140]
[1141]
[1144]
[1145]
[1146]
[1147, 1316]
[1151]
[1152]
[1153]
[1154, 1318]
[1155]
[1158]
[1159]
[1160]
[1161]
[1163]
[1164]
[1168]
[1170]
[1174]
[1175]
[1177]
[1178]
[1183]
[1184]
[1185]
[1188]
[1189]
[1192]
[1193]
[1196]
[1197]
[1199, 1280]
[1202]
[1205]
[1206]
[1209]
[1210]
[1213]
[1214]
[1215]
[1216]
[1218]
[1220]
[1224]
[1229]
[1231]
[1232]
[1235]
[1237]
[1239]
[1241]
[1243]
[1244]
[1249]
[1251]
[1252]
[1253]
[1256]
[1257]
[1258]
[1259]
[1260]
[1261]
[1264]
[1266, 1291]
[1267]
[1268]
[1271]
[1272]
[1274]
[1275]
[1276]
[1277]
[1278, 1315]
[1281]
[1282]
[1283]
[1284]
[1285]
[1288]
[1295]
[1296]
[1297]
[1299]
[1300]
[1301]
[1303]
[1304]
[1306]
[1307]
[1308]
[1310]
[1313]
[1314]
[1317]
[1326]
[1328]
[1332]
[1337]
[1339]
[1341]
[1342]
[1343]
[1344]
[1348]
[1354]
[1355]
[1356]
[1357]
[1362]
[1363]
[1364]
[1366]
[1369]
[1371]
[1372]
[1375]
[1377]
[1378]
[1382]
[1386]
[1387]
[1389]
