[0, 80]
[1]
[2, 142]
[3, 1028, 1060]
[4]
[5]
[6]
[7, 1141, 1151]
[8]
[9]
[10]
[11]
[12, 1124, 1303]
[13]
[14, 571]
[15]
[16]
[17, 603]
[18]
[19, 447]
[20, 667]
[21, 741, 828]
[22]
[23]
[24, 1047]
[25]
[26]
[27, 37, 762]
[28]
[29]
[30]
[31, 39]
[32, 452]
[33]
[34, 150, 1001]
[35]
[36]
[38, 944, 1274]
[40]
[41, 797, 958]
[42]
[43]
[44]
[45, 1036, 1351]
[46]
[47, 921]
[48]
[49, 1297]
[50]
[51]
[52]
[53, 223, 322]
[54, 1237]
[55, 88, 337]
[56]
[57, 251, 1358]
[58]
[59, 275]
[60]
[61, 426]
[62]
[63]
[64]
[65]
[66, 650, 970]
[67]
[68, 995]
[69]
[70]
[71]
[72]
[73, 945]
[74]
[75]
[76, 524]
[77, 357]
[78]
[79, 517, 930]
[81]
[82]
[83]
[84]
[85]
[86, 764, 993]
[87]
[89]
[90]
[91]
[92, 626]
[93, 676, 1097]
[94]
[95]
[96, 1291]
[97, 1318]
[98]
[99]
[100, 246, 362]
[101]
[102, 1248]
[103]
[104]
[105, 601]
[106, 1110]
[107]
[108]
[109, 454, 1166]
[110, 143, 1245]
[111]
[112, 225, 1364]
[113]
[114]
[115, 501, 1175]
[116]
[117]
[118]
[119, 882, 1220]
[120, 522, 1105]
[121]
[122, 359]
[123, 1057]
[124]
[125, 668]
[126]
[127]
[128]
[129]
[130]
[131]
[132, 929]
[133]
[134, 917]
[135]
[136, 190, 1304]
[137]
[138, 1295]
[139, 791]
[140]
[141, 840]
[144, 677, 880]
[145]
[146]
[147, 663, 1108]
[148]
[149, 1022]
[151]
[152]
[153, 582, 585]
[154]
[155]
[156, 532]
[157]
[158, 284]
[159, 748]
[160, 765, 1118]
[161, 443]
[162, 217, 875]
[163]
[164]
[165]
[166]
[167]
[168]
[169]
[170]
[171, 483, 1189]
[172, 688]
[173, 955]
[174]
[175]
[176]
[177]
[178]
[179]
[180]
[181, 939]
[182, 947]
[183]
[184, 730]
[185, 986]
[186, 568]
[187, 330, 413]
[188]
[189, 1142]
[191]
[192]
[193]
[194, 230, 290]
[195, 549]
[196]
[197, 327, 564]
[198, 1126]
[199]
[200]
[201, 526, 597]
[202]
[203]
[204, 761]
[205]
[206, 1352]
[207]
[208]
[209]
[210, 1388]
[211]
[212]
[213, 867]
[214]
[215, 445]
[216, 851]
[218, 254, 956]
[219, 1325]
[220]
[221]
[222, 328, 624]
[224, 769]
[226, 527]
[227]
[228, 776, 1257]
[229]
[231, 260]
[232, 273]
[233, 1345]
[234]
[235]
[236]
[237, 278]
[238]
[239, 509]
[240, 1348]
[241, 1083]
[242, 755]
[243, 336]
[244]
[245, 670, 910]
[247, 743]
[248, 1384]
[249, 854]
[250, 887]
[252, 425]
[253, 657]
[255]
[256, 1106, 1383]
[257]
[258, 525]
[259]
[261]
[262, 1373]
[263]
[264, 847, 1376]
[265, 368, 999]
[266]
[267]
[268, 1096]
[269]
[270]
[271, 1339]
[272, 1187]
[274, 1032]
[276, 1027, 1068]
[277, 303]
[279, 906]
[280]
[281, 1319]
[282]
[283]
[285, 1199]
[286]
[287]
[288]
[289]
[291, 631, 1282]
[292]
[293]
[294]
[295, 482, 703]
[296]
[297, 377, 1184]
[298, 610, 928]
[299]
[300]
[301, 439]
[302]
[304]
[305]
[306]
[307]
[308, 467, 960]
[309]
[310, 1202]
[311, 1378]
[312, 1129]
[313]
[314, 975]
[315]
[316, 819, 1004]
[317, 836, 1208]
[318]
[319]
[320, 346]
[321, 590, 968]
[323, 886]
[324]
[325, 1134]
[326, 865]
[329, 716]
[331]
[332]
[333]
[334]
[335, 1091]
[338]
[339]
[340, 352]
[341]
[342, 1149]
[343, 988]
[344]
[345]
[347]
[348, 456, 1228]
[349]
[350]
[351, 666, 1333]
[353, 674, 973]
[354]
[355]
[356, 648, 820]
[358]
[360]
[361]
[363, 1268]
[364]
[365, 397]
[366]
[367, 588, 1216]
[369, 405, 575]
[370]
[371]
[372]
[373]
[374]
[375, 768]
[376]
[378]
[379]
[380, 1200]
[381]
[382, 809]
[383, 562]
[384, 612]
[385]
[386]
[387]
[388]
[389]
[390]
[391]
[392]
[393]
[394]
[395, 1010, 1284]
[396, 497]
[398]
[399]
[400, 556]
[401]
[402, 618]
[403]
[404]
[406]
[407]
[408]
[409, 1052, 1240]
[410]
[411, 420]
[412, 421, 586]
[414, 541, 1147]
[415]
[416]
[417, 822]
[418, 436, 1380]
[419]
[422, 488]
[423, 1164]
[424]
[427]
[428, 598]
[429, 1183]
[430]
[431]
[432]
[433]
[434, 1369]
[435]
[437, 723]
[438]
[440, 884, 978]
[441]
[442]
[444]
[446]
[448]
[449]
[450]
[451]
[453]
[455, 1341]
[457]
[458]
[459]
[460]
[461]
[462]
[463]
[464]
[465, 908]
[466]
[468]
[469]
[470, 1065]
[471, 734, 1038]
[472, 1203]
[473, 1317]
[474]
[475, 554, 989]
[476]
[477]
[478, 772]
[479]
[480]
[481]
[484]
[485]
[486]
[487]
[489]
[490]
[491]
[492, 926]
[493, 683]
[494, 790, 1037]
[495]
[496]
[498]
[499, 754, 1285]
[500, 528, 731]
[502]
[503]
[504]
[505]
[506]
[507]
[508]
[510]
[511]
[512]
[513, 684]
[514, 763]
[515, 813]
[516]
[518, 592, 1090]
[519]
[520]
[521]
[523]
[529]
[530]
[531, 838, 874]
[533]
[534]
[535, 1316]
[536]
[537]
[538]
[539]
[540]
[542, 563]
[543]
[544]
[545]
[546, 654]
[547]
[548]
[550]
[551]
[552, 984, 1321]
[553]
[555]
[557, 752]
[558]
[559]
[560]
[561]
[565]
[566]
[567]
[569]
[570]
[572]
[573, 806, 1265]
[574]
[576, 815, 1056]
[577]
[578]
[579]
[580]
[581]
[583]
[584]
[587]
[589]
[591, 1375]
[593, 990, 1264]
[594, 1301]
[595]
[596]
[599, 1018]
[600, 1174]
[602, 1114, 1225]
[604, 1094]
[605]
[606]
[607]
[608]
[609]
[611, 914]
[613]
[614]
[615]
[616, 669]
[617]
[619]
[620]
[621]
[622, 1334]
[623, 943]
[625, 1294, 1328]
[627, 1117]
[628, 900]
[629, 636, 1007]
[630]
[632, 1121]
[633]
[634]
[635, 1102]
[637]
[638]
[639]
[640]
[641, 1133]
[642]
[643]
[644]
[645]
[646, 1015, 1258]
[647]
[649, 714]
[651, 848, 1082]
[652]
[653]
[655]
[656]
[658, 853]
[659]
[660, 1370]
[661]
[662, 1242]
[664]
[665]
[671, 949, 1139]
[672]
[673]
[675]
[678]
[679]
[680, 889]
[681, 997]
[682]
[685]
[686]
[687, 893]
[689]
[690]
[691, 979]
[692]
[693]
[694]
[695]
[696]
[697]
[698]
[699]
[700]
[701]
[702]
[704]
[705]
[706]
[707, 1357]
[708]
[709]
[710]
[711, 1111]
[712]
[713]
[715, 899]
[717]
[718, 758]
[719]
[720, 977, 1006]
[721, 998, 1343]
[722]
[724]
[725]
[726, 1211]
[727, 1029]
[728]
[729]
[732]
[733]
[735]
[736, 825, 1039]
[737]
[738]
[739]
[740, 1063]
[742, 890]
[744, 834, 1209]
[745, 792, 1271]
[746, 871]
[747, 963]
[749, 1232]
[750]
[751]
[753]
[756, 1031]
[757, 1165]
[759]
[760, 1354]
[766]
[767]
[770, 1219]
[771]
[773]
[774]
[775]
[777]
[778]
[779]
[780]
[781]
[782]
[783]
[784, 974]
[785]
[786]
[787]
[788]
[789]
[793]
[794, 1075]
[795, 1191]
[796]
[798]
[799]
[800]
[801]
[802]
[803]
[804]
[805]
[807]
[808]
[810]
[811, 902]
[812]
[814, 1152]
[816, 1044]
[817]
[818]
[821]
[823]
[824]
[826]
[827]
[829]
[830]
[831]
[832]
[833]
[835]
[837, 987]
[839]
[841, 1123]
[842]
[843]
[844, 1171]
[845]
[846]
[849]
[850]
[852]
[855]
[856]
[857]
[858]
[859, 1073, 1326]
[860]
[861, 862]
[863]
[864]
[866]
[868, 1069]
[869]
[870]
[872]
[873]
[876, 1185]
[877]
[878]
[879]
[881]
[883]
[885, 1217, 1342]
[888]
[891]
[892, 1030]
[894]
[895]
[896]
[897]
[898]
[901]
[903]
[904]
[905, 1087]
[907]
[909]
[911, 1002]
[912]
[913]
[915, 1112, 1239]
[916]
[918, 948]
[919]
[920]
[922]
[923]
[924]
[925]
[927, 1300]
[931]
[932, 941]
[933]
[934]
[935, 1026]
[936]
[937]
[938, 1296]
[940, 1309]
[942, 1335]
[946, 992]
[950]
[951]
[952]
[953]
[954, 1286]
[957]
[959]
[961]
[962]
[964, 1050]
[965, 1266]
[966, 1180, 1243]
[967]
[969]
[971]
[972]
[976]
[980]
[981]
[982, 1307]
[983]
[985]
[991]
[994]
[996]
[1000]
[1003, 1346]
[1005]
[1008]
[1009]
[1011]
[1012]
[1013]
[1014]
[1016]
[1017]
[1019]
[1020, 1107]
[1021]
[1023]
[1024]
[1025]
[1033]
[1034]
[1035]
[1040]
[1041]
[1042]
[1043]
[1045]
[1046]
[1048]
[1049]
[1051]
[1053]
[1054]
[1055, 1155]
[1058]
[1059]
[1061]
[1062]
[1064]
[1066]
[1067]
[1070]
[1071]
[1072]
[1074]
[1076]
[1077]
[1078]
[1079]
[1080, 1084]
[1081]
[1085]
[1086, 1259]
[1088]
[1089]
[1092]
[1093]
[1095]
[1098]
[1099, 1223]
[1100]
[1101]
[1103]
[1104]
[1109]
[1113]
[1115]
[1116]
[1119]
[1120]
[1122]
[1125]
[1127]
[1128, 1347]
[1130]
[1131]
[1132]
[1135]
[1136]
[1137]
[1138]
[1140]
[1143, 1277]
[1144]
[1145]
[1146]
[1148]
[1150]
[1153]
[1154, 1361]
[1156]
[1157]
[1158, 1368]
[1159]
[1160]
[1161]
[1162]
[1163]
[1167, 1234]
[1168]
[1169]
[1170]
[1172]
[1173]
[1176]
[1177]
[1178]
[1179]
[1181]
[1182]
[1186, 1233]
[1188]
[1190, 1204, 1214]
[1192, 1350]
[1193, 1330, 1340]
[1194]
[1195]
[1196]
[1197]
[1198]
[1201]
[1205]
[1206]
[1207]
[1210]
[1212]
[1213]
[1215]
[1218]
[1221]
[1222]
[1224]
[1226]
[1227]
[1229]
[1230]
[1231]
[1235]
[1236]
[1238]
[1241, 1363]
[1244]
[1246]
[1247]
[1249, 1371]
[1250]
[1251]
[1252, 1293]
[1253]
[1254]
[1255]
[1256]
[1260]
[1261]
[1262]
[1263]
[1267]
[1269]
[1270]
[1272]
[1273, 1306]
[1275]
[1276]
[1278]
[1279]
[1280]
[1281]
[1283]
[1287]
[1288]
[1289]
[1290, 1372]
[1292]
[1298]
[1299]
[1302]
[1305]
[1308]
[1310]
[1311]
[1312]
[1313]
[1314]
[1315]
[1320]
[1322]
[1323]
[1324]
[1327]
[1329]
[1331]
[1332]
[1336]
[1337]
[1338]
[1344]
[1349]
[1353]
[1355]
[1356]
[1359]
[1360]
[1362]
[1365]
[1366]
[1367]
[1374]
[1377]
[1379]
[1381]
[1382]
[1385]
[1386]
[1387]
[1389]
