[0, 309]
[1]
[2]
[3, 148, 1341]
[4]
[5]
[6]
[7]
[8, 1073]
[9, 403, 1155]
[10, 1295, 1306]
[11, 319]
[12, 1021]
[13]
[14, 547]
[15, 900]
[16]
[17, 246, 1300]
[18]
[19]
[20]
[21, 330]
[22, 311]
[23, 1130]
[24]
[25]
[26]
[27]
[28, 519]
[29]
[30, 797, 1040]
[31]
[32]
[33]
[34]
[35]
[36]
[37]
[38]
[39]
[40, 1371]
[41, 91]
[42]
[43]
[44, 119, 1046]
[45]
[46]
[47, 432, 592]
[48, 166, 1004]
[49, 1036]
[50, 727, 1095]
[51, 1355]
[52, 813, 1011]
[53]
[54, 368]
[55, 798, 1240]
[56, 328]
[57, 1055]
[58]
[59]
[60]
[61, 1069]
[62]
[63]
[64]
[65, 1302]
[66]
[67]
[68]
[69]
[70]
[71]
[72]
[73, 849]
[74]
[75, 365]
[76, 1196]
[77]
[78, 966, 1354]
[79]
[80, 101]
[81, 978, 1238]
[82]
[83]
[84]
[85]
[86, 202, 502]
[87, 1362]
[88]
[89]
[90, 957]
[92]
[93, 263, 501]
[94, 317]
[95]
[96, 181, 779]
[97]
[98]
[99, 788]
[100]
[102, 728, 1165]
[103, 672]
[104]
[105]
[106, 1153, 1312]
[107, 815, 878]
[108, 436, 1266]
[109]
[110]
[111]
[112, 182]
[113, 463]
[114, 459]
[115]
[116]
[117]
[118]
[120, 1270]
[121, 561]
[122, 198, 1067]
[123, 1179, 1323]
[124]
[125]
[126]
[127, 689]
[128]
[129, 971]
[130, 383, 673]
[131, 598]
[132, 251]
[133]
[134]
[135, 550, 881]
[136, 1032]
[137, 205]
[138, 491, 1227]
[139]
[140, 1049, 1170]
[141]
[142, 522, 1150]
[143]
[144, 769, 1178]
[145, 909]
[146, 266]
[147]
[149]
[150, 1194]
[151]
[152, 535, 575]
[153, 922]
[154]
[155]
[156]
[157, 323]
[158]
[159]
[160]
[161]
[162, 616, 1256]
[163]
[164]
[165]
[167, 215]
[168]
[169, 1255]
[170, 409]
[171]
[172, 287]
[173, 655]
[174, 1103]
[175]
[176]
[177]
[178]
[179]
[180, 832]
[183]
[184, 622]
[185, 932]
[186]
[187, 652, 759]
[188]
[189]
[190]
[191, 292]
[192]
[193]
[194, 255, 1192]
[195, 222, 676]
[196]
[197]
[199]
[200]
[201]
[203, 694]
[204, 708]
[206, 556]
[207, 954, 1348]
[208, 943, 1299]
[209, 265, 529]
[210]
[211]
[212]
[213]
[214]
[216]
[217, 781]
[218]
[219]
[220]
[221]
[223]
[224, 532]
[225]
[226]
[227, 885]
[228]
[229, 927, 1378]
[230, 289]
[231]
[232]
[233]
[234]
[235]
[236, 1140]
[237]
[238, 431, 1174]
[239]
[240, 503]
[241, 710]
[242, 582]
[243]
[244]
[245, 1110]
[247, 807]
[248]
[249, 354]
[250, 1223]
[252]
[253]
[254, 300]
[256, 731, 948]
[257, 1358]
[258, 540]
[259, 1016]
[260]
[261, 1366]
[262]
[264]
[267]
[268, 534, 1345]
[269]
[270]
[271, 783]
[272, 348]
[273, 1280]
[274, 842, 962]
[275, 495, 555]
[276, 738]
[277]
[278, 413]
[279]
[280, 1364]
[281]
[282, 398]
[283, 944]
[284]
[285, 342, 889]
[286, 1356]
[288]
[290]
[291]
[293]
[294, 471]
[295]
[296]
[297]
[298]
[299, 717]
[301, 422, 761]
[302]
[303]
[304, 493, 1321]
[305]
[306]
[307]
[308]
[310, 875]
[312]
[313, 418]
[314]
[315, 614]
[316, 377, 456]
[318, 419]
[320]
[321, 1229]
[322]
[324, 858]
[325]
[326, 369]
[327]
[329]
[331, 697, 931]
[332, 562, 1314]
[333, 601, 1384]
[334]
[335]
[336, 1380]
[337, 510]
[338]
[339, 746, 1278]
[340]
[341]
[343]
[344]
[345]
[346]
[347]
[349]
[350]
[351, 812]
[352]
[353]
[355, 830]
[356]
[357]
[358]
[359]
[360]
[361]
[362]
[363]
[364]
[366]
[367, 1065]
[370]
[371, 395]
[372, 1159, 1309]
[373, 1207]
[374]
[375]
[376, 472, 844]
[378, 852, 1164]
[379]
[380, 543]
[381]
[382, 1118]
[384, 794, 1149]
[385]
[386]
[387, 569, 635]
[388, 713]
[389, 853]
[390]
[391, 583]
[392, 718, 1353]
[393, 1042]
[394, 1264]
[396]
[397, 937]
[399]
[400]
[401, 950, 1388]
[402, 1023]
[404]
[405]
[406]
[407, 1000, 1246]
[408]
[410, 850]
[411]
[412]
[414, 1136]
[415]
[416]
[417]
[420, 1064]
[421, 433]
[423]
[424]
[425]
[426, 1157]
[427, 577, 668]
[428]
[429, 758, 1058]
[430, 580]
[434, 1259]
[435]
[437, 682]
[438, 924]
[439]
[440]
[441]
[442]
[443, 897, 1263]
[444]
[445, 474]
[446]
[447]
[448]
[449, 1051]
[450]
[451]
[452]
[453]
[454, 596]
[455]
[457, 603, 1012]
[458]
[460]
[461, 869]
[462]
[464]
[465, 756]
[466]
[467]
[468]
[469, 545]
[470]
[473]
[475]
[476, 1001]
[477, 972]
[478, 963]
[479]
[480]
[481, 516, 754]
[482]
[483]
[484, 969]
[485, 1332]
[486]
[487]
[488]
[489, 607, 877]
[490]
[492]
[494]
[496]
[497, 1368]
[498, 590]
[499]
[500]
[504]
[505]
[506, 714]
[507, 985]
[508]
[509, 1044, 1114]
[511]
[512, 1005]
[513, 784]
[514, 539]
[515]
[517, 1148]
[518]
[520]
[521]
[523, 939]
[524, 537, 1134]
[525]
[526, 933, 1112]
[527, 777]
[528]
[530]
[531, 980]
[533]
[536, 1344]
[538]
[541, 1111]
[542]
[544, 634]
[546, 677]
[548]
[549, 1225]
[551]
[552]
[553, 628]
[554, 1031]
[557, 816]
[558]
[559]
[560]
[563]
[564]
[565, 990, 1190]
[566]
[567]
[568]
[570]
[571, 755]
[572]
[573, 1234]
[574, 633]
[576]
[578, 692, 1009]
[579]
[581]
[584]
[585]
[586, 1217]
[587]
[588]
[589, 1034, 1277]
[591]
[593, 1052, 1122]
[594, 604]
[595]
[597]
[599]
[600]
[602]
[605]
[606]
[608]
[609]
[610]
[611]
[612, 821]
[613, 919]
[615]
[617]
[618]
[619]
[620, 1106]
[621]
[623]
[624, 896]
[625]
[626]
[627]
[629]
[630]
[631]
[632]
[636, 1068]
[637]
[638]
[639]
[640]
[641]
[642]
[643, 686]
[644]
[645]
[646]
[647, 1301]
[648]
[649]
[650, 942]
[651]
[653]
[654, 825, 1173]
[656, 1076]
[657]
[658, 800]
[659]
[660]
[661]
[662]
[663]
[664]
[665, 1097, 1208]
[666]
[667]
[669]
[670]
[671]
[674]
[675, 1003]
[678]
[679, 1125]
[680]
[681]
[683]
[684, 1373]
[685]
[687]
[688]
[690, 768, 1143]
[691]
[693]
[695]
[696]
[698, 805, 1072]
[699]
[700, 749, 1013]
[701]
[702]
[703]
[704]
[705, 737]
[706]
[707, 1215]
[709]
[711, 835]
[712]
[715]
[716]
[719, 863, 1060]
[720]
[721]
[722]
[723, 1334]
[724]
[725]
[726]
[729, 1138]
[730]
[732, 795, 1339]
[733]
[734]
[735]
[736]
[739]
[740, 1317]
[741]
[742]
[743, 1184, 1374]
[744, 845]
[745]
[747]
[748]
[750]
[751]
[752]
[753]
[757]
[760]
[762]
[763]
[764]
[765]
[766, 1304, 1346]
[767]
[770]
[771]
[772]
[773, 952]
[774]
[775, 1296]
[776]
[778, 994, 1146]
[780]
[782, 1228, 1365]
[785]
[786]
[787]
[789]
[790]
[791]
[792, 833, 1066]
[793]
[796, 934]
[799]
[801]
[802]
[803]
[804]
[806]
[808]
[809]
[810]
[811]
[814, 1093]
[817]
[818]
[819]
[820]
[822, 840]
[823]
[824]
[826]
[827]
[828]
[829]
[831, 1283]
[834]
[836]
[837, 912]
[838]
[839]
[841, 1218]
[843, 960]
[846]
[847]
[848]
[851]
[854]
[855]
[856]
[857]
[859]
[860, 1098]
[861, 1183]
[862, 882, 1337]
[864]
[865]
[866]
[867]
[868]
[870]
[871, 1186]
[872]
[873]
[874, 1360]
[876, 888, 951]
[879]
[880]
[883]
[884]
[886, 1307]
[887]
[890]
[891]
[892]
[893]
[894]
[895, 991]
[898]
[899, 1120]
[901]
[902]
[903]
[904]
[905]
[906]
[907]
[908]
[910]
[911]
[913, 1132]
[914, 1198, 1382]
[915]
[916]
[917, 1141]
[918]
[920]
[921]
[923]
[925]
[926]
[928]
[929]
[930]
[935]
[936]
[938]
[940]
[941, 1305]
[945]
[946, 1333]
[947]
[949]
[953]
[955]
[956]
[958]
[959]
[961]
[964]
[965]
[967]
[968]
[970, 1171]
[973]
[974]
[975]
[976]
[977]
[979]
[981, 1162, 1320]
[982]
[983]
[984]
[986, 998, 1075]
[987, 1350]
[988]
[989]
[992]
[993]
[995]
[996]
[997]
[999]
[1002]
[1006, 1257]
[1007]
[1008]
[1010]
[1014]
[1015]
[1017]
[1018, 1071]
[1019]
[1020]
[1022]
[1024]
[1025]
[1026]
[1027, 1338]
[1028, 1078]
[1029]
[1030]
[1033, 1389]
[1035]
[1037]
[1038]
[1039]
[1041]
[1043]
[1045]
[1047]
[1048, 1232]
[1050]
[1053]
[1054]
[1056]
[1057]
[1059]
[1061, 1172]
[1062]
[1063]
[1070]
[1074]
[1077]
[1079]
[1080]
[1081]
[1082]
[1083]
[1084, 1294]
[1085, 1281]
[1086]
[1087]
[1088]
[1089]
[1090]
[1091]
[1092]
[1094, 1298]
[1096]
[1099]
[1100]
[1101]
[1102]
[1104, 1206]
[1105]
[1107]
[1108]
[1109, 1222, 1262]
[1113]
[1115]
[1116]
[1117]
[1119]
[1121]
[1123, 1156]
[1124]
[1126, 1342]
[1127]
[1128]
[1129]
[1131]
[1133]
[1135]
[1137]
[1139]
[1142]
[1144]
[1145]
[1147]
[1151]
[1152]
[1154]
[1158]
[1160]
[1161]
[1163]
[1166]
[1167]
[1168]
[1169]
[1175]
[1176, 1214]
[1177]
[1180]
[1181]
[1182]
[1185]
[1187]
[1188]
[1189]
[1191]
[1193]
[1195]
[1197]
[1199]
[1200]
[1201]
[1202]
[1203]
[1204]
[1205]
[1209]
[1210]
[1211]
[1212]
[1213]
[1216]
[1219]
[1220]
[1221]
[1224]
[1226]
[1230]
[1231]
[1233]
[1235]
[1236]
[1237]
[1239]
[1241]
[1242]
[1243]
[1244, 1335, 1369]
[1245]
[1247]
[1248]
[1249]
[1250]
[1251]
[1252]
[1253]
[1254]
[1258]
[1260]
[1261]
[1265]
[1267]
[1268]
[1269]
[1271]
[1272]
[1273]
[1274]
[1275]
[1276]
[1279, 1329]
[1282]
[1284]
[1285]
[1286]
[1287]
[1288]
[1289]
[1290]
[1291]
[1292]
[1293]
[1297]
[1303]
[1308]
[1310]
[1311]
[1313]
[1315]
[1316]
[1318]
[1319]
[1322]
[1324]
[1325]
[1326]
[1327]
[1328]
[1330]
[1331]
[1336]
[1340]
[1343, 1352]
[1347]
[1349]
[1351]
[1357]
[1359]
[1361]
[1363]
[1367]
[1370]
[1372]
[1375]
[1376]
[1377]
[1379]
[1381]
[1383]
[1385]
[1386]
[1387]
