[0]
[1]
[2, 441]
[3]
[4, 474]
[5]
[6]
[7]
[8]
[9, 187]
[10, 1015, 1026]
[11, 771]
[12]
[13]
[14, 503]
[15, 1096]
[16]
[17]
[18]
[19]
[20]
[21, 866]
[22]
[23, 299, 791]
[24]
[25]
[26]
[27]
[28]
[29]
[30]
[31, 169, 779]
[32, 1349]
[33]
[34, 1304]
[35]
[36, 444]
[37, 1001, 1323]
[38]
[39, 123, 880]
[40, 431]
[41, 371]
[42]
[43]
[44]
[45, 466]
[46, 740, 965]
[47, 666, 800]
[48, 312]
[49]
[50, 150]
[51]
[52]
[53, 970]
[54, 815, 942]
[55, 544]
[56]
[57]
[58]
[59, 1232, 1236]
[60, 546]
[61, 1087, 1292]
[62]
[63]
[64]
[65, 458, 1242]
[66, 1277, 1358]
[67, 1225]
[68]
[69]
[70]
[71]
[72, 394]
[73, 1329]
[74]
[75, 192]
[76]
[77, 908]
[78]
[79, 714]
[80, 496, 946]
[81]
[82]
[83, 931]
[84, 829]
[85, 270, 743]
[86]
[87, 1052, 1363]
[88, 152, 618]
[89]
[90]
[91]
[92]
[93]
[94, 407]
[95, 301]
[96, 296]
[97, 959]
[98, 826, 935]
[99]
[100]
[101, 525]
[102]
[103]
[104]
[105]
[106, 415]
[107]
[108]
[109]
[110]
[111]
[112]
[113]
[114]
[115]
[116, 762]
[117]
[118]
[119]
[120]
[121]
[122, 1231]
[124]
[125]
[126]
[127]
[128, 254]
[129, 1003]
[130]
[131, 370]
[132]
[133]
[134, 292, 725]
[135, 166, 761]
[136]
[137, 821]
[138, 710]
[139]
[140]
[141, 529, 599]
[142, 478]
[143]
[144, 1097]
[145]
[146, 764]
[147]
[148, 820]
[149, 683, 1233]
[151, 457]
[153]
[154]
[155, 1226]
[156]
[157]
[158]
[159]
[160, 924, 1343]
[161]
[162, 892]
[163, 492]
[164]
[165, 309]
[167]
[168, 698, 1064]
[170]
[171]
[172, 1299]
[173, 520]
[174, 453]
[175]
[176]
[177, 914]
[178]
[179, 558, 1131]
[180]
[181]
[182]
[183, 998]
[184]
[185, 951]
[186, 824, 969]
[188]
[189]
[190]
[191]
[193]
[194, 840]
[195]
[196]
[197, 528]
[198]
[199, 419]
[200, 476]
[201]
[202, 393, 1379]
[203]
[204]
[205, 512]
[206, 222, 1211]
[207]
[208, 432]
[209, 1213]
[210, 1307, 1356]
[211]
[212, 758]
[213]
[214]
[215]
[216, 917]
[217]
[218]
[219, 1057, 1128]
[220]
[221]
[223]
[224, 470, 696]
[225, 539, 1345]
[226, 400, 1083]
[227, 281]
[228, 1354]
[229, 643, 933]
[230]
[231, 320]
[232]
[233, 322, 1158]
[234]
[235, 624]
[236]
[237]
[238]
[239]
[240]
[241]
[242]
[243]
[244]
[245, 904]
[246]
[247]
[248, 1113, 1261]
[249, 742]
[250]
[251]
[252, 855, 1311]
[253, 693]
[255, 684, 1312]
[256]
[257, 929, 1020]
[258, 1164]
[259]
[260]
[261, 291]
[262, 1105, 1286]
[263, 585]
[264]
[265]
[266]
[267]
[268]
[269]
[271]
[272, 390, 765]
[273]
[274]
[275]
[276, 1219]
[277, 633, 1058]
[278, 346]
[279, 1153]
[280]
[282]
[283, 1017]
[284]
[285, 459]
[286]
[287]
[288]
[289]
[290, 1136, 1207]
[293]
[294, 342]
[295]
[297]
[298, 873]
[300]
[302, 634]
[303, 973]
[304]
[305, 1335]
[306, 944, 1160]
[307, 1290]
[308]
[310]
[311]
[313, 388, 1051]
[314, 1182]
[315, 671]
[316]
[317]
[318]
[319]
[321, 786]
[323, 502, 967]
[324]
[325, 1264]
[326, 707, 1019]
[327, 1012]
[328, 883, 1100]
[329]
[330]
[331]
[332]
[333]
[334, 451, 1245]
[335]
[336, 1321]
[337]
[338]
[339, 513, 578]
[340]
[341]
[343]
[344, 497, 1062]
[345, 936, 957]
[347]
[348]
[349]
[350, 1055]
[351, 1260]
[352]
[353]
[354, 1093]
[355]
[356, 1149]
[357, 446, 852]
[358, 369]
[359, 948]
[360]
[361]
[362, 768, 886]
[363]
[364, 535]
[365, 811]
[366, 1248]
[367, 413]
[368]
[372]
[373]
[374, 560]
[375, 860]
[376, 1281]
[377, 1102]
[378]
[379]
[380]
[381, 550, 819]
[382, 839]
[383, 1088]
[384, 1357]
[385]
[386, 541, 1192]
[387]
[389]
[391]
[392]
[395]
[396]
[397, 569, 1194]
[398, 1238]
[399, 418]
[401]
[402]
[403, 1273]
[404, 704]
[405, 587, 963]
[406]
[408]
[409]
[410]
[411]
[412]
[414, 570]
[416]
[417]
[420, 1350]
[421]
[422, 1169, 1319]
[423]
[424, 1147, 1300]
[425, 986]
[426]
[427]
[428, 1138]
[429]
[430]
[433]
[434]
[435]
[436]
[437]
[438]
[439]
[440]
[442]
[443, 594, 1122]
[445]
[447, 1360]
[448, 757]
[449, 828]
[450]
[452]
[454]
[455]
[456, 988]
[460, 739]
[461]
[462, 564, 669]
[463]
[464, 909, 1180]
[465]
[467]
[468]
[469]
[471]
[472]
[473, 613, 992]
[475]
[477, 1110]
[479]
[480, 823, 1086]
[481]
[482]
[483]
[484]
[485]
[486]
[487, 1322]
[488]
[489, 706, 956]
[490]
[491]
[493, 542]
[494]
[495]
[498, 760, 934]
[499]
[500]
[501]
[504]
[505, 882, 1034]
[506, 623]
[507]
[508]
[509]
[510]
[511]
[514]
[515]
[516, 721]
[517, 1111, 1381]
[518, 1114]
[519]
[521, 610, 802]
[522]
[523]
[524]
[526, 752]
[527]
[530, 1382]
[531]
[532, 1027]
[533]
[534, 792]
[536]
[537]
[538]
[540]
[543]
[545, 734]
[547]
[548]
[549]
[551]
[552]
[553, 631]
[554]
[555]
[556]
[557]
[559]
[561]
[562]
[563, 1004, 1201]
[565]
[566, 682, 1084]
[567]
[568]
[571]
[572]
[573, 646]
[574]
[575]
[576]
[577]
[579, 809]
[580]
[581, 1274]
[582]
[583, 728]
[584]
[586, 1041]
[588]
[589]
[590]
[591, 966]
[592]
[593, 885]
[595, 723]
[596]
[597]
[598]
[600, 716]
[601, 738, 756]
[602]
[603]
[604]
[605]
[606, 711]
[607]
[608, 741, 1139]
[609]
[611]
[612]
[614]
[615, 1370]
[616]
[617, 784]
[619]
[620]
[621]
[622, 979]
[625, 1082]
[626]
[627]
[628]
[629]
[630]
[632]
[635]
[636, 868]
[637]
[638, 947]
[639]
[640, 685, 1295]
[641]
[642, 831, 1204]
[644]
[645]
[647]
[648]
[649]
[650]
[651]
[652, 805]
[653]
[654, 926]
[655]
[656]
[657, 854]
[658, 1125]
[659]
[660]
[661, 1191]
[662]
[663, 833, 1018]
[664]
[665]
[667]
[668, 814]
[670]
[672, 1061]
[673, 867]
[674, 798]
[675]
[676]
[677]
[678, 717]
[679]
[680, 1181]
[681, 939]
[686]
[687]
[688]
[689]
[690]
[691]
[692]
[694, 1202]
[695, 712, 750]
[697]
[699, 905]
[700, 793, 916]
[701]
[702]
[703]
[705, 1212]
[708]
[709, 1170]
[713]
[715]
[718]
[719]
[720]
[722, 1065, 1317]
[724]
[726]
[727, 1134, 1338]
[729]
[730]
[731]
[732]
[733]
[735, 962, 1366]
[736, 1195, 1336]
[737, 881]
[744]
[745]
[746, 1254]
[747]
[748]
[749]
[751, 1142]
[753]
[754]
[755]
[759, 1152]
[763]
[766]
[767]
[769]
[770]
[772, 1389]
[773, 900]
[774]
[775]
[776]
[777]
[778]
[780, 1030]
[781, 1011]
[782]
[783]
[785]
[787]
[788]
[789]
[790, 1104]
[794, 1200]
[795]
[796, 1386]
[797, 1175]
[799]
[801]
[803]
[804, 995, 1071]
[806]
[807]
[808, 961, 1315]
[810]
[812, 818]
[813]
[816]
[817]
[822]
[825]
[827]
[830]
[832]
[834, 920]
[835]
[836]
[837]
[838]
[841]
[842]
[843]
[844, 1199]
[845]
[846]
[847]
[848, 889]
[849]
[850]
[851]
[853, 1022, 1368]
[856]
[857, 1140]
[858]
[859, 1252]
[861]
[862]
[863, 1266]
[864]
[865]
[869]
[870]
[871]
[872]
[874]
[875]
[876]
[877]
[878]
[879]
[884]
[887]
[888]
[890]
[891]
[893]
[894]
[895]
[896]
[897]
[898]
[899]
[901]
[902]
[903]
[906]
[907]
[910, 1059]
[911, 1074, 1156]
[912]
[913, 1296]
[915]
[918, 1340]
[919]
[921]
[922]
[923, 1387]
[925]
[927]
[928]
[930]
[932, 1288, 1308]
[937, 1293]
[938, 1316]
[940]
[941]
[943]
[945]
[949, 1089, 1253]
[950]
[952]
[953]
[954, 978]
[955]
[958]
[960]
[964]
[968]
[971]
[972]
[974]
[975]
[976]
[977]
[980]
[981, 1239]
[982, 1284]
[983]
[984]
[985]
[987]
[989]
[990]
[991]
[993]
[994, 1178]
[996]
[997]
[999]
[1000]
[1002]
[1005]
[1006]
[1007]
[1008]
[1009]
[1010]
[1013]
[1014]
[1016]
[1021, 1031, 1278]
[1023, 1067]
[1024]
[1025]
[1028]
[1029]
[1032, 1137]
[1033]
[1035]
[1036]
[1037, 1244]
[1038, 1303]
[1039]
[1040]
[1042, 1077]
[1043]
[1044]
[1045]
[1046]
[1047]
[1048, 1221]
[1049, 1188]
[1050]
[1053]
[1054]
[1056]
[1060]
[1063, 1085]
[1066]
[1068]
[1069]
[1070, 1257]
[1072, 1306]
[1073]
[1075]
[1076]
[1078]
[1079]
[1080]
[1081, 1189]
[1090]
[1091]
[1092]
[1094]
[1095]
[1098]
[1099]
[1101]
[1103]
[1106]
[1107]
[1108]
[1109]
[1112]
[1115]
[1116]
[1117]
[1118]
[1119]
[1120, 1166]
[1121]
[1123]
[1124]
[1126]
[1127]
[1129]
[1130]
[1132]
[1133, 1208, 1344]
[1135]
[1141]
[1143]
[1144]
[1145]
[1146]
[1148]
[1150]
[1151]
[1154]
[1155, 1294]
[1157]
[1159]
[1161, 1230]
[1162]
[1163]
[1165, 1167]
[1168]
[1171]
[1172]
[1173]
[1174]
[1176]
[1177]
[1179]
[1183]
[1184]
[1185]
[1186]
[1187]
[1190]
[1193]
[1196, 1227]
[1197]
[1198]
[1203]
[1205]
[1206]
[1209]
[1210]
[1214]
[1215]
[1216]
[1217]
[1218]
[1220]
[1222]
[1223]
[1224]
[1228]
[1229]
[1234]
[1235]
[1237]
[1240]
[1241]
[1243]
[1246]
[1247]
[1249]
[1250]
[1251]
[1255]
[1256]
[1258]
[1259]
[1262]
[1263]
[1265]
[1267]
[1268]
[1269]
[1270]
[1271]
[1272]
[1275]
[1276, 1297]
[1279]
[1280]
[1282]
[1283]
[1285]
[1287]
[1289]
[1291]
[1298]
[1301]
[1302]
[1305]
[1309]
[1310]
[1313]
[1314]
[1318]
[1320]
[1324]
[1325]
[1326]
[1327]
[1328]
[1330]
[1331]
[1332]
[1333]
[1334]
[1337]
[1339]
[1341]
[1342]
[1346]
[1347]
[1348]
[1351]
[1352]
[1353]
[1355]
[1359]
[1361]
[1362]
[1364]
[1365]
[1367]
[1369]
[1371]
[1372]
[1373]
[1374]
[1375]
[1376]
[1377]
[1378]
[1380]
[1383]
[1384]
[1385]
[1388]
