[0, 367]
[1, 30, 494]
[2, 1129]
[3]
[4, 607, 928]
[5, 680]
[6, 958]
[7]
[8]
[9, 1099]
[10]
[11, 427, 1230]
[12, 1131]
[13]
[14]
[15]
[16]
[17, 103, 107]
[18]
[19]
[20]
[21, 252, 335]
[22, 192]
[23, 505]
[24]
[25, 818, 1380]
[26]
[27]
[28]
[29]
[31]
[32]
[33]
[34]
[35, 153]
[36, 566, 723]
[37, 370]
[38]
[39]
[40]
[41]
[42]
[43, 330]
[44, 748]
[45]
[46, 554]
[47, 321, 366]
[48]
[49, 1316]
[50]
[51, 1323]
[52, 1200]
[53]
[54]
[55]
[56, 861]
[57, 138]
[58]
[59]
[60]
[61]
[62]
[63]
[64]
[65]
[66, 253, 929]
[67]
[68]
[69]
[70, 584]
[71]
[72]
[73, 619, 1260]
[74, 961]
[75, 487, 1031]
[76]
[77]
[78]
[79]
[80, 720]
[81, 757]
[82, 413, 1266]
[83]
[84, 1232]
[85, 303]
[86, 934]
[87]
[88]
[89, 99]
[90, 139, 1293]
[91]
[92, 828]
[93]
[94]
[95]
[96]
[97, 531]
[98, 235]
[100, 1063]
[101]
[102, 324]
[104]
[105]
[106, 1007, 1144]
[108, 453]
[109]
[110, 239, 314]
[111, 1098]
[112]
[113]
[114]
[115]
[116]
[117]
[118, 1032]
[119, 1107]
[120]
[121]
[122, 902]
[123, 735, 917]
[124]
[125, 1106]
[126, 275, 1215]
[127, 431]
[128]
[129]
[130]
[131]
[132]
[133, 1224]
[134, 722]
[135, 877, 1096]
[136, 1247]
[137, 952]
[140]
[141, 1342]
[142]
[143, 233]
[144]
[145]
[146, 675]
[147]
[148, 813]
[149]
[150]
[151, 264, 883]
[152, 1176]
[154, 226]
[155]
[156]
[157]
[158, 483]
[159]
[160]
[161, 647, 701]
[162]
[163]
[164]
[165, 819]
[166]
[167, 1143]
[168]
[169]
[170, 889]
[171, 703]
[172]
[173]
[174]
[175]
[176]
[177]
[178]
[179]
[180, 1148]
[181]
[182, 578]
[183]
[184]
[185, 1330]
[186]
[187, 383]
[188, 1035]
[189]
[190]
[191, 788]
[193]
[194]
[195, 307]
[196, 1382]
[197]
[198]
[199]
[200]
[201, 430]
[202, 213, 256]
[203, 786]
[204]
[205]
[206, 363]
[207]
[208, 525]
[209, 294, 1317]
[210]
[211]
[212]
[214]
[215]
[216, 1291]
[217, 616, 781]
[218, 900, 1097]
[219, 704, 1385]
[220, 1319]
[221]
[222]
[223, 1365]
[224]
[225, 260]
[227, 1308]
[228]
[229]
[230, 1341]
[231]
[232, 309]
[234]
[236]
[237, 854, 905]
[238, 1021]
[240, 1012]
[241]
[242, 815]
[243]
[244]
[245]
[246, 296, 798]
[247, 963]
[248]
[249]
[250]
[251]
[254]
[255]
[257]
[258, 782]
[259]
[261, 727, 949]
[262, 267, 868]
[263]
[265]
[266]
[268]
[269]
[270, 669, 1013]
[271]
[272]
[273]
[274]
[276, 890, 937]
[277, 1023]
[278]
[279, 719]
[280]
[281]
[282]
[283]
[284, 1226]
[285]
[286, 509]
[287]
[288]
[289, 391, 522]
[290, 480, 855]
[291, 1356]
[292, 572]
[293]
[295, 326]
[297]
[298, 484]
[299, 404]
[300]
[301, 490]
[302]
[304, 1004]
[305]
[306]
[308]
[310]
[311, 1296]
[312]
[313]
[315]
[316, 1194]
[317, 733]
[318]
[319]
[320]
[322]
[323]
[325]
[327]
[328]
[329]
[331]
[332, 979]
[333]
[334]
[336]
[337]
[338]
[339]
[340]
[341]
[342]
[343, 843]
[344, 1057, 1167]
[345, 347]
[346]
[348]
[349, 1110, 1269]
[350, 632]
[351, 454, 1361]
[352, 657]
[353, 1185]
[354, 377]
[355, 1268, 1357]
[356]
[357, 369]
[358]
[359]
[360]
[361]
[362]
[364]
[365]
[368, 482, 1024]
[371]
[372, 599, 1002]
[373, 512, 1240]
[374]
[375]
[376, 718]
[378]
[379]
[380]
[381]
[382, 977, 1003]
[384]
[385]
[386, 446]
[387, 598, 1152]
[388]
[389]
[390, 1055]
[392, 614, 628]
[393, 515, 518]
[394]
[395, 420]
[396]
[397]
[398]
[399]
[400]
[401]
[402]
[403]
[405]
[406]
[407]
[408, 1216]
[409]
[410]
[411, 1088]
[412]
[414]
[415, 473, 971]
[416, 1276]
[417, 749]
[418]
[419]
[421]
[422, 1128]
[423, 549]
[424]
[425]
[426, 1223]
[428]
[429]
[432, 1090]
[433]
[434]
[435]
[436, 1075]
[437]
[438, 568]
[439]
[440]
[441]
[442]
[443]
[444, 695]
[445]
[447]
[448, 1116, 1358]
[449]
[450]
[451]
[452, 1153]
[455, 508]
[456, 705]
[457, 623, 864]
[458]
[459, 732, 904]
[460]
[461]
[462, 1145]
[463]
[464, 500, 1100]
[465]
[466, 1301]
[467, 523]
[468, 950]
[469]
[470, 1162]
[471, 1112]
[472, 1047]
[474]
[475, 1077]
[476]
[477]
[478]
[479, 857]
[481]
[485]
[486]
[488]
[489]
[491]
[492, 1195]
[493]
[495]
[496, 1173]
[497]
[498]
[499, 922]
[501]
[502, 995]
[503]
[504]
[506, 1302]
[507, 1351]
[510]
[511]
[513, 535, 563]
[514]
[516]
[517]
[519, 592, 999]
[520, 640]
[521]
[524, 1070, 1134]
[526]
[527]
[528, 633]
[529]
[530]
[532, 1280]
[533, 947]
[534, 758, 1157]
[536, 585, 921]
[537, 957, 981]
[538, 975]
[539]
[540, 951, 1295]
[541, 547]
[542]
[543]
[544, 573, 1237]
[545]
[546]
[548]
[550]
[551]
[552]
[553]
[555, 906, 1345]
[556, 679, 685]
[557, 809]
[558]
[559]
[560]
[561]
[562, 858]
[564, 804]
[565]
[567]
[569]
[570]
[571, 1078]
[574]
[575]
[576]
[577, 796, 914]
[579]
[580]
[581]
[582, 1372, 1388]
[583]
[586, 1198]
[587]
[588]
[589]
[590, 1175, 1315]
[591]
[593, 625, 1049]
[594]
[595, 664, 927]
[596]
[597]
[600]
[601, 611]
[602, 672]
[603, 824]
[604, 771]
[605]
[606, 671]
[608]
[609, 870]
[610]
[612]
[613, 617, 643]
[615, 1108, 1267]
[618]
[620]
[621]
[622]
[624, 837]
[626, 1289]
[627]
[629]
[630]
[631]
[634]
[635]
[636]
[637]
[638]
[639, 1069]
[641]
[642]
[644]
[645]
[646]
[648]
[649]
[650, 730]
[651]
[652, 986]
[653]
[654]
[655, 991, 1340]
[656]
[658, 1119, 1154]
[659, 841]
[660]
[661]
[662, 698]
[663]
[665]
[666]
[667, 710, 1180]
[668]
[670]
[673]
[674]
[676]
[677]
[678, 911, 1207]
[681]
[682]
[683]
[684, 895]
[686]
[687]
[688]
[689, 844]
[690]
[691, 1250]
[692]
[693, 1235, 1264]
[694]
[696, 1142, 1329]
[697, 1321]
[699]
[700, 833]
[702]
[706, 753, 1348]
[707]
[708]
[709, 891]
[711]
[712]
[713]
[714]
[715, 1255]
[716]
[717]
[721]
[724]
[725, 817, 835]
[726, 742, 770]
[728, 871]
[729]
[731, 1065, 1105]
[734]
[736, 1093, 1332]
[737]
[738]
[739]
[740]
[741]
[743]
[744]
[745]
[746, 880]
[747]
[750]
[751]
[752]
[754]
[755, 777, 1287]
[756, 834]
[759]
[760]
[761]
[762, 1311]
[763, 990]
[764]
[765]
[766]
[767]
[768, 1029, 1187]
[769]
[772]
[773]
[774]
[775]
[776, 1209]
[778]
[779, 1368]
[780]
[783]
[784]
[785, 836]
[787]
[789]
[790]
[791]
[792]
[793]
[794]
[795]
[797]
[799]
[800]
[801, 823, 1114]
[802]
[803]
[805]
[806]
[807]
[808]
[810]
[811]
[812]
[814]
[816, 1352]
[820]
[821, 846, 848]
[822]
[825]
[826, 1084, 1324]
[827]
[829]
[830, 1336]
[831]
[832, 872]
[838, 967]
[839]
[840]
[842]
[845]
[847, 1083, 1261]
[849]
[850]
[851, 1022]
[852]
[853, 943, 1038]
[856, 1211, 1227]
[859]
[860, 930]
[862]
[863]
[865]
[866]
[867]
[869]
[873]
[874, 994]
[875]
[876]
[878, 1040]
[879]
[881]
[882]
[884]
[885, 887, 1086]
[886, 912]
[888]
[892]
[893]
[894, 1017]
[896]
[897]
[898]
[899]
[901]
[903]
[907]
[908]
[909]
[910]
[913]
[915]
[916]
[918]
[919]
[920, 1245]
[923]
[924, 1314]
[925, 1278]
[926]
[931]
[932]
[933, 1164]
[935]
[936]
[938]
[939, 945, 1039]
[940]
[941, 1353]
[942]
[944]
[946]
[948, 1074]
[953]
[954]
[955]
[956, 1203]
[959]
[960]
[962]
[964, 1304]
[965]
[966]
[968]
[969]
[970]
[972]
[973]
[974, 1367]
[976]
[978]
[980]
[982, 1171]
[983]
[984]
[985]
[987]
[988]
[989]
[992]
[993]
[996]
[997]
[998]
[1000]
[1001]
[1005]
[1006, 1071]
[1008]
[1009, 1306]
[1010]
[1011]
[1014]
[1015]
[1016]
[1018, 1111]
[1019]
[1020, 1067]
[1025]
[1026]
[1027]
[1028]
[1030]
[1033]
[1034]
[1036]
[1037]
[1041, 1158]
[1042, 1222]
[1043, 1212]
[1044]
[1045]
[1046]
[1048]
[1050]
[1051]
[1052]
[1053]
[1054]
[1056]
[1058]
[1059]
[1060]
[1061]
[1062]
[1064]
[1066]
[1068]
[1072]
[1073, 1338]
[1076]
[1079]
[1080]
[1081]
[1082]
[1085]
[1087]
[1089]
[1091]
[1092]
[1094]
[1095, 1219]
[1101]
[1102]
[1103]
[1104]
[1109, 1161, 1197]
[1113, 1199]
[1115]
[1117]
[1118]
[1120]
[1121]
[1122]
[1123]
[1124]
[1125, 1208]
[1126]
[1127]
[1130]
[1132]
[1133]
[1135, 1327]
[1136]
[1137]
[1138]
[1139]
[1140]
[1141]
[1146, 1160, 1309]
[1147]
[1149]
[1150]
[1151]
[1155]
[1156]
[1159]
[1163]
[1165]
[1166]
[1168]
[1169]
[1170]
[1172]
[1174, 1189]
[1177]
[1178]
[1179]
[1181]
[1182]
[1183]
[1184]
[1186]
[1188]
[1190]
[1191, 1325]
[1192]
[1193]
[1196]
[1201]
[1202]
[1204]
[1205]
[1206]
[1210]
[1213]
[1214]
[1217]
[1218]
[1220]
[1221]
[1225]
[1228]
[1229]
[1231]
[1233, 1318]
[1234]
[1236]
[1238]
[1239]
[1241]
[1242]
[1243]
[1244]
[1246]
[1248, 1285]
[1249, 1375]
[1251]
[1252]
[1253]
[1254]
[1256]
[1257]
[1258]
[1259]
[1262, 1313]
[1263]
[1265]
[1270]
[1271]
[1272]
[1273]
[1274]
[1275]
[1277]
[1279]
[1281]
[1282]
[1283]
[1284]
[1286]
[1288]
[1290]
[1292]
[1294]
[1297]
[1298]
[1299]
[1300]
[1303]
[1305]
[1307]
[1310]
[1312, 1378, 1387]
[1320]
[1322]
[1326]
[1328]
[1331]
[1333]
[1334]
[1335]
[1337]
[1339]
[1343]
[1344]
[1346, 1364]
[1347]
[1349]
[1350]
[1354]
[1355]
[1359]
[1360]
[1362]
[1363]
[1366]
[1369]
[1370]
[1371]
[1373]
[1374]
[1376]
[1377]
[1379]
[1381]
[1383]
[1384]
[1386]
[1389]
