[0, 521, 1251]
[1]
[2, 817]
[3]
[4]
[5]
[6, 18, 1302]
[7]
[8, 639]
[9, 600]
[10]
[11, 366, 1381]
[12, 483]
[13]
[14, 241]
[15]
[16]
[17, 177]
[19, 28, 788]
[20, 835]
[21]
[22, 929]
[23, 678]
[24]
[25, 780]
[26, 618]
[27, 1085]
[29, 354]
[30]
[31, 234, 1042]
[32]
[33]
[34, 59, 1090]
[35, 370]
[36, 1312]
[37, 873, 1224]
[38, 160, 1286]
[39, 392]
[40, 1222]
[41, 1205]
[42]
[43, 1131]
[44]
[45, 868, 1244]
[46, 813]
[47]
[48, 261]
[49]
[50, 51]
[52, 1076]
[53, 590]
[54]
[55, 838, 1250]
[56]
[57, 1117]
[58, 1367]
[60, 154, 609]
[61, 219]
[62]
[63]
[64]
[65, 332]
[66]
[67, 1310]
[68, 716, 761]
[69]
[70, 1320]
[71]
[72]
[73, 1050]
[74]
[75, 488, 1253]
[76, 1103]
[77, 141]
[78, 611]
[79, 858]
[80]
[81]
[82]
[83, 642, 1306]
[84, 158, 1293]
[85]
[86]
[87]
[88]
[89, 818, 1234]
[90, 481, 1382]
[91, 364, 785]
[92]
[93, 1388]
[94, 381]
[95, 257, 544]
[96]
[97, 704]
[98, 180, 993]
[99]
[100, 1274]
[101, 463]
[102]
[103, 903, 933]
[104, 258]
[105]
[106]
[107]
[108, 702]
[109]
[110]
[111, 1140]
[112, 232, 1341]
[113, 958, 1141]
[114]
[115, 170]
[116]
[117]
[118, 643]
[119]
[120]
[121, 489]
[122]
[123]
[124]
[125, 837, 1151]
[126]
[127]
[128]
[129, 1373]
[130, 750, 1110]
[131, 1084]
[132]
[133, 686, 910]
[134, 155, 935]
[135]
[136]
[137]
[138, 321, 865]
[139, 782, 985]
[140, 595]
[142, 967]
[143]
[144]
[145]
[146]
[147]
[148, 1163]
[149]
[150]
[151, 556]
[152, 899, 1000]
[153]
[156]
[157, 616, 1254]
[159, 645, 975]
[161]
[162, 697]
[163, 522, 791]
[164, 1145]
[165]
[166, 1162, 1191]
[167, 371]
[168]
[169, 1108, 1336]
[171]
[172, 404, 700]
[173]
[174, 447, 1025]
[175]
[176]
[178, 726]
[179]
[181, 939, 1154]
[182]
[183]
[184]
[185]
[186, 260, 1241]
[187, 430]
[188, 603]
[189, 771]
[190]
[191]
[192]
[193]
[194, 514, 1031]
[195]
[196]
[197]
[198, 727]
[199]
[200]
[201, 394]
[202, 988, 1092]
[203]
[204, 478, 984]
[205, 742]
[206]
[207]
[208, 525]
[209, 699, 798]
[210]
[211]
[212, 563, 1037]
[213, 1227]
[214]
[215]
[216, 959, 1236]
[217]
[218, 353]
[220]
[221]
[222, 879, 1269]
[223, 1288]
[224]
[225, 424, 1210]
[226]
[227]
[228]
[229, 1015]
[230]
[231, 1055]
[233]
[235, 303, 922]
[236]
[237]
[238]
[239, 956, 1115]
[240]
[242]
[243]
[244]
[245]
[246, 1275]
[247]
[248]
[249]
[250, 572]
[251]
[252]
[253]
[254, 902]
[255, 467]
[256]
[259, 419]
[262]
[263, 314]
[264, 1279]
[265]
[266]
[267, 523, 927]
[268]
[269]
[270, 731]
[271, 854]
[272]
[273]
[274]
[275, 735]
[276, 1174]
[277]
[278]
[279]
[280]
[281]
[282, 634, 1043]
[283, 1172]
[284]
[285]
[286]
[287, 438]
[288]
[289, 486]
[290]
[291]
[292]
[293]
[294]
[295]
[296, 719]
[297]
[298, 551]
[299]
[300, 1022, 1340]
[301]
[302, 1240]
[304, 1203]
[305]
[306, 756]
[307]
[308]
[309]
[310]
[311, 863, 1181]
[312]
[313, 461]
[315, 376]
[316]
[317]
[318]
[319]
[320]
[322]
[323, 503, 687]
[324]
[325, 1290, 1296]
[326, 341]
[327, 1018]
[328]
[329, 990]
[330]
[331]
[333]
[334]
[335]
[336, 816, 1002]
[337]
[338]
[339]
[340]
[342]
[343, 920]
[344]
[345, 849]
[346, 713, 1126]
[347]
[348]
[349]
[350]
[351, 1007]
[352]
[355]
[356]
[357]
[358, 1218]
[359]
[360, 1285]
[361, 1316]
[362]
[363, 682]
[365, 638, 1111]
[367, 963]
[368]
[369, 637]
[372]
[373]
[374]
[375]
[377, 652, 710]
[378, 1180, 1246]
[379]
[380]
[382]
[383, 1003]
[384]
[385]
[386]
[387]
[388]
[389]
[390]
[391]
[393, 449, 866]
[395, 1179]
[396]
[397]
[398]
[399]
[400, 893]
[401]
[402]
[403]
[405]
[406]
[407, 692]
[408, 516]
[409]
[410]
[411]
[412]
[413, 740]
[414]
[415]
[416, 622, 630]
[417]
[418, 425]
[420]
[421, 457, 919]
[422]
[423]
[426]
[427, 560, 1295]
[428]
[429]
[431]
[432]
[433]
[434]
[435, 779, 1350]
[436]
[437]
[439, 666]
[440]
[441]
[442, 955]
[443, 775]
[444]
[445]
[446]
[448]
[450, 681]
[451]
[452, 824]
[453]
[454]
[455, 1231]
[456]
[458, 615, 698]
[459]
[460]
[462]
[464]
[465, 1196]
[466]
[468]
[469]
[470]
[471]
[472]
[473]
[474]
[475]
[476]
[477]
[479]
[480]
[482, 1282]
[484]
[485, 851, 1093]
[487]
[490]
[491, 496]
[492, 808, 1267]
[493, 715]
[494]
[495]
[497]
[498]
[499]
[500]
[501]
[502]
[504]
[505]
[506]
[507]
[508]
[509]
[510]
[511]
[512, 833]
[513, 802, 1190]
[515]
[517, 1063]
[518]
[519, 829, 1128]
[520]
[524]
[526]
[527]
[528, 724]
[529]
[530]
[531]
[532]
[533, 1359]
[534]
[535]
[536, 649]
[537]
[538]
[539, 887]
[540]
[541]
[542]
[543, 1138]
[545]
[546, 1038]
[547]
[548]
[549]
[550]
[552, 1195]
[553, 669, 1098]
[554, 773, 951]
[555]
[557]
[558, 928]
[559]
[561]
[562]
[564]
[565]
[566]
[567]
[568, 784, 1048]
[569]
[570]
[571]
[573, 1319]
[574]
[575]
[576]
[577]
[578]
[579, 1256]
[580]
[581, 772, 1300]
[582, 941]
[583]
[584]
[585]
[586]
[587]
[588]
[589]
[591]
[592]
[593, 1337]
[594]
[596]
[597]
[598]
[599]
[601]
[602]
[604]
[605, 747]
[606, 1056]
[607]
[608]
[610, 1199]
[612]
[613]
[614]
[617, 1086]
[619]
[620]
[621, 912, 1044]
[623, 1317]
[624]
[625]
[626, 989]
[627, 1152]
[628]
[629, 1384]
[631]
[632, 847, 981]
[633]
[635]
[636, 760]
[640, 693, 1315]
[641, 916]
[644]
[646]
[647, 1209]
[648]
[650, 1161]
[651]
[653]
[654, 1071]
[655, 683, 1278]
[656]
[657]
[658]
[659]
[660]
[661]
[662]
[663, 1167, 1270]
[664, 1023]
[665]
[667]
[668, 997, 1014]
[670]
[671]
[672]
[673, 792]
[674, 1361]
[675]
[676]
[677, 1109, 1301]
[679]
[680]
[684, 846]
[685]
[688]
[689]
[690]
[691]
[694]
[695, 968]
[696]
[701]
[703]
[705]
[706]
[707]
[708, 1371]
[709]
[711, 1130]
[712, 778, 960]
[714]
[717]
[718, 1146]
[720]
[721, 1114]
[722]
[723]
[725, 1150]
[728]
[729]
[730]
[732]
[733]
[734]
[736]
[737]
[738, 1133, 1366]
[739]
[741]
[743]
[744]
[745]
[746]
[748]
[749, 1149]
[751, 1106]
[752]
[753, 1134]
[754]
[755, 804, 1165]
[757]
[758]
[759, 1280]
[762]
[763]
[764]
[765, 1008]
[766, 1158]
[767]
[768, 821, 1187]
[769]
[770, 931]
[774]
[776, 1331]
[777]
[781]
[783, 918]
[786]
[787, 1101]
[789]
[790]
[793]
[794, 908, 1069]
[795, 1074]
[796]
[797, 864]
[799, 1017]
[800]
[801, 1081]
[803]
[805]
[806]
[807]
[809, 1173]
[810]
[811]
[812]
[814]
[815]
[819]
[820, 1010, 1262]
[822]
[823]
[825]
[826, 1260]
[827]
[828]
[830]
[831]
[832]
[834]
[836]
[839]
[840, 852]
[841]
[842]
[843, 883]
[844]
[845]
[848, 1160]
[850]
[853]
[855]
[856, 877]
[857]
[859]
[860, 1059]
[861, 884]
[862, 1344]
[867]
[869]
[870]
[871]
[872, 1226]
[874]
[875]
[876]
[878]
[880, 1385]
[881]
[882]
[885]
[886]
[888]
[889]
[890, 1263]
[891]
[892]
[894]
[895]
[896]
[897, 1303]
[898]
[900, 948]
[901, 969]
[904]
[905]
[906]
[907]
[909]
[911]
[913]
[914]
[915]
[917]
[921]
[923]
[924]
[925]
[926]
[930]
[932]
[934, 1307]
[936]
[937]
[938]
[940, 991]
[942, 1225]
[943]
[944]
[945]
[946]
[947, 1349]
[949]
[950]
[952]
[953, 1013, 1348]
[954]
[957, 1376]
[961, 1259]
[962]
[964]
[965]
[966, 1153]
[970, 999]
[971]
[972]
[973]
[974]
[976]
[977]
[978, 1091, 1121]
[979, 1347]
[980]
[982]
[983]
[986]
[987]
[992, 1292]
[994]
[995]
[996]
[998]
[1001]
[1004]
[1005]
[1006, 1020]
[1009]
[1011]
[1012]
[1016]
[1019]
[1021]
[1024]
[1026]
[1027]
[1028]
[1029]
[1030]
[1032]
[1033]
[1034]
[1035, 1051]
[1036]
[1039]
[1040]
[1041]
[1045]
[1046]
[1047]
[1049]
[1052]
[1053]
[1054]
[1057, 1164]
[1058]
[1060]
[1061, 1176]
[1062]
[1064]
[1065]
[1066]
[1067]
[1068]
[1070]
[1072]
[1073]
[1075]
[1077]
[1078]
[1079]
[1080]
[1082]
[1083]
[1087]
[1088]
[1089]
[1094]
[1095, 1237]
[1096]
[1097]
[1099]
[1100]
[1102]
[1104]
[1105]
[1107]
[1112]
[1113]
[1116]
[1118]
[1119]
[1120]
[1122]
[1123, 1353]
[1124]
[1125, 1144]
[1127]
[1129]
[1132]
[1135]
[1136, 1192, 1370]
[1137]
[1139]
[1142]
[1143, 1186]
[1147]
[1148]
[1155]
[1156]
[1157]
[1159]
[1166, 1238]
[1168]
[1169]
[1170]
[1171]
[1175, 1311]
[1177]
[1178]
[1182]
[1183]
[1184]
[1185]
[1188]
[1189]
[1193]
[1194]
[1197]
[1198]
[1200]
[1201]
[1202]
[1204]
[1206]
[1207]
[1208]
[1211]
[1212]
[1213]
[1214, 1323]
[1215]
[1216]
[1217]
[1219]
[1220, 1249]
[1221]
[1223]
[1228]
[1229]
[1230]
[1232]
[1233, 1265]
[1235]
[1239, 1386]
[1242]
[1243]
[1245]
[1247]
[1248, 1330]
[1252]
[1255]
[1257]
[1258]
[1261]
[1264]
[1266]
[1268]
[1271]
[1272]
[1273]
[1276, 1377]
[1277]
[1281]
[1283]
[1284]
[1287]
[1289]
[1291]
[1294]
[1297]
[1298]
[1299]
[1304]
[1305]
[1308]
[1309]
[1313]
[1314]
[1318]
[1321]
[1322]
[1324]
[1325]
[1326]
[1327]
[1328]
[1329]
[1332]
[1333]
[1334]
[1335]
[1338]
[1339]
[1342]
[1343]
[1345]
[1346]
[1351]
[1352]
[1354]
[1355]
[1356]
[1357]
[1358]
[1360]
[1362]
[1363]
[1364]
[1365]
[1368]
[1369]
[1372]
[1374]
[1375]
[1378]
[1379]
[1380]
[1383]
[1387]
[1389]
