[0, 74, 369]
[1, 878]
[2, 1049]
[3]
[4]
[5]
[6]
[7]
[8, 1127, 1370]
[9]
[10, 1327]
[11, 1324]
[12, 763]
[13, 626]
[14, 776]
[15]
[16]
[17, 520, 609]
[18, 1352]
[19]
[20, 903]
[21]
[22]
[23]
[24]
[25]
[26]
[27, 56, 1269]
[28]
[29]
[30, 268]
[31]
[32, 890, 925]
[33, 766]
[34]
[35]
[36, 237]
[37, 803]
[38, 78, 643]
[39, 796, 923]
[40]
[41]
[42]
[43]
[44]
[45]
[46]
[47]
[48, 1060]
[49]
[50]
[51]
[52]
[53, 277]
[54]
[55]
[57, 100, 1107]
[58, 84, 1161]
[59]
[60, 155]
[61]
[62, 980, 1300]
[63]
[64, 1122]
[65]
[66, 305]
[67, 180, 420]
[68]
[69, 1064]
[70, 539]
[71]
[72]
[73, 410]
[75, 1343]
[76]
[77]
[79, 1194]
[80]
[81]
[82]
[83]
[85]
[86, 408, 562]
[87, 607]
[88, 837]
[89, 996]
[90, 291]
[91]
[92]
[93, 153]
[94, 494, 671]
[95, 762, 1282]
[96]
[97]
[98, 732]
[99]
[101, 1284]
[102, 1367]
[103]
[104]
[105]
[106, 413]
[107]
[108, 368, 1104]
[109, 1246]
[110, 678]
[111, 674, 748]
[112]
[113, 536]
[114]
[115, 856, 902]
[116, 783]
[117, 336, 538]
[118, 466]
[119, 456, 1335]
[120, 409, 581]
[121, 1059]
[122, 131, 1121]
[123, 612, 1024]
[124]
[125, 905]
[126]
[127]
[128]
[129]
[130]
[132, 831]
[133]
[134]
[135]
[136, 1226]
[137]
[138]
[139]
[140, 350, 811]
[141]
[142, 1058]
[143, 423, 1288]
[144]
[145, 161]
[146]
[147]
[148, 1292]
[149, 279, 437]
[150]
[151, 785, 818]
[152]
[154, 213]
[156, 367, 912]
[157]
[158]
[159]
[160]
[162, 407]
[163, 623]
[164]
[165]
[166]
[167]
[168]
[169, 195, 998]
[170, 795]
[171]
[172]
[173]
[174]
[175]
[176, 972]
[177]
[178, 338]
[179]
[181]
[182]
[183]
[184]
[185]
[186]
[187, 718]
[188, 1311]
[189, 459]
[190]
[191]
[192]
[193, 502, 689]
[194, 1037, 1179]
[196]
[197, 206, 246]
[198, 499, 877]
[199, 1384]
[200, 549]
[201, 227, 709]
[202, 721]
[203]
[204]
[205]
[207]
[208, 1174]
[209, 832]
[210, 1261]
[211]
[212, 1338]
[214, 611]
[215, 1355]
[216, 249, 1176]
[217, 695]
[218]
[219, 579]
[220, 495, 990]
[221]
[222]
[223, 615, 1340]
[224, 425, 501]
[225, 506, 644]
[226]
[228]
[229]
[230]
[231]
[232, 982]
[233]
[234]
[235]
[236, 1154]
[238]
[239, 813]
[240]
[241]
[242]
[243, 583, 820]
[244]
[245, 1249]
[247]
[248]
[250, 767]
[251]
[252, 444]
[253, 534]
[254, 402, 670]
[255, 707, 708]
[256, 591, 1211]
[257]
[258, 1181, 1371]
[259, 454, 960]
[260, 1215]
[261, 1359]
[262, 899]
[263, 318]
[264, 363, 806]
[265]
[266]
[267, 740]
[269]
[270]
[271]
[272]
[273]
[274, 531]
[275]
[276]
[278]
[280]
[281]
[282, 391]
[283, 319, 523]
[284]
[285, 657]
[286, 987]
[287]
[288, 1389]
[289, 487, 1217]
[290, 478]
[292, 798, 1200]
[293]
[294]
[295]
[296]
[297, 738]
[298, 1113]
[299]
[300, 949]
[301]
[302]
[303, 1135, 1187]
[304]
[306]
[307]
[308]
[309, 1372]
[310, 891, 1245]
[311]
[312]
[313, 908]
[314]
[315]
[316, 747, 1332]
[317, 482]
[320]
[321, 822]
[322]
[323]
[324, 483, 1095]
[325]
[326]
[327]
[328]
[329]
[330]
[331]
[332, 622]
[333]
[334]
[335]
[337]
[339]
[340]
[341]
[342, 714, 821]
[343, 1363]
[344]
[345, 371]
[346, 373, 789]
[347, 593]
[348]
[349, 608, 1034]
[351]
[352, 1078]
[353]
[354]
[355, 1330]
[356]
[357, 774]
[358]
[359, 1051]
[360]
[361, 401, 1143]
[362, 472]
[364]
[365]
[366]
[370]
[372, 625]
[374, 765, 850]
[375]
[376, 1134]
[377]
[378]
[379]
[380]
[381]
[382]
[383]
[384, 510]
[385, 388, 1271]
[386, 597]
[387, 1362]
[389]
[390, 548, 1072]
[392]
[393]
[394, 513, 1177]
[395]
[396]
[397, 503, 910]
[398]
[399, 1021]
[400, 1365]
[403, 807, 926]
[404]
[405]
[406, 894]
[411]
[412, 1175]
[414]
[415, 1001]
[416]
[417, 790]
[418, 1316]
[419, 938]
[421]
[422]
[424, 992]
[426, 602, 1318]
[427]
[428, 1268]
[429, 929]
[430]
[431, 956]
[432]
[433]
[434, 436]
[435]
[438, 739]
[439]
[440, 469]
[441]
[442]
[443, 702, 887]
[445]
[446, 1275, 1358]
[447]
[448]
[449]
[450]
[451]
[452]
[453, 636, 1334]
[455, 1195]
[457, 915, 1006]
[458]
[460]
[461]
[462]
[463, 794, 1315]
[464]
[465, 1220]
[467, 1209]
[468]
[470, 944, 1085]
[471]
[473]
[474]
[475, 937]
[476]
[477]
[479, 578, 884]
[480]
[481]
[484]
[485, 757, 977]
[486]
[488, 717]
[489]
[490]
[491]
[492]
[493, 933]
[496]
[497]
[498]
[500]
[504]
[505]
[507]
[508]
[509]
[511]
[512]
[514]
[515]
[516, 1148]
[517]
[518]
[519, 1328]
[521, 1263]
[522]
[524]
[525]
[526, 853]
[527, 737, 1302]
[528]
[529]
[530]
[532]
[533]
[535, 1196]
[537, 1198]
[540, 553]
[541]
[542]
[543, 814]
[544, 1230]
[545]
[546]
[547]
[550, 1336, 1377]
[551]
[552]
[554]
[555]
[556]
[557, 769]
[558]
[559, 946, 1040]
[560, 920]
[561, 1348]
[563]
[564]
[565]
[566]
[567, 675]
[568]
[569]
[570]
[571, 954, 1144]
[572]
[573]
[574]
[575, 705]
[576]
[577]
[580]
[582]
[584, 1123]
[585]
[586]
[587]
[588]
[589]
[590]
[592]
[594]
[595]
[596]
[598]
[599]
[600]
[601]
[603]
[604]
[605]
[606]
[610, 1380]
[613, 1255]
[614]
[616, 1203]
[617]
[618]
[619]
[620]
[621]
[624, 855]
[627]
[628, 654]
[629]
[630, 1056]
[631]
[632]
[633, 750]
[634]
[635]
[637, 1052]
[638, 1320]
[639, 655, 964]
[640]
[641]
[642]
[645]
[646, 979]
[647]
[648]
[649]
[650]
[651]
[652]
[653]
[656]
[658]
[659]
[660, 728]
[661]
[662]
[663]
[664]
[665]
[666]
[667]
[668]
[669, 1219]
[672, 981, 1073]
[673, 948]
[676]
[677, 1130]
[679]
[680, 687, 1244]
[681, 703, 1089]
[682, 1004]
[683]
[684]
[685]
[686]
[688]
[690, 1298]
[691, 1013, 1061]
[692, 756, 823]
[693]
[694]
[696]
[697]
[698]
[699]
[700]
[701]
[704]
[706, 1070]
[710]
[711, 1247]
[712]
[713]
[715, 802]
[716]
[719]
[720]
[722]
[723, 931, 1125]
[724]
[725]
[726]
[727]
[729]
[730]
[731, 874]
[733]
[734]
[735]
[736, 1306]
[741]
[742]
[743, 764, 781]
[744]
[745]
[746]
[749]
[751]
[752, 1379]
[753]
[754]
[755, 1293]
[758]
[759]
[760]
[761]
[768]
[770, 1233, 1322]
[771, 1145, 1375]
[772]
[773]
[775]
[777]
[778, 1345]
[779]
[780]
[782]
[784, 1075]
[786]
[787, 1063, 1066]
[788]
[791, 921]
[792]
[793]
[797]
[799]
[800, 1076]
[801, 834]
[804]
[805]
[808]
[809]
[810, 945]
[812]
[815, 1159]
[816]
[817]
[819]
[824]
[825, 889]
[826, 852]
[827]
[828, 1369]
[829]
[830]
[833]
[835]
[836]
[838]
[839]
[840, 1297]
[841]
[842]
[843]
[844]
[845]
[846]
[847]
[848]
[849]
[851]
[854, 1023]
[857, 1092]
[858, 1276]
[859]
[860]
[861]
[862]
[863, 883]
[864]
[865]
[866]
[867]
[868]
[869]
[870, 1057]
[871]
[872]
[873]
[875, 1164]
[876]
[879]
[880]
[881, 1005, 1007]
[882]
[885]
[886, 1347]
[888]
[892, 1009]
[893]
[895]
[896]
[897]
[898]
[900]
[901, 1346]
[904]
[906]
[907, 914, 1108]
[909]
[911, 1170, 1381]
[913]
[916]
[917]
[918]
[919]
[922]
[924]
[927]
[928]
[930]
[932]
[934]
[935]
[936]
[939]
[940]
[941, 1048, 1277]
[942]
[943]
[947]
[950]
[951]
[952]
[953]
[955]
[957]
[958]
[959]
[961, 1086]
[962]
[963, 1014]
[965]
[966, 1083]
[967]
[968]
[969]
[970, 1304]
[971]
[973]
[974]
[975]
[976, 1090]
[978]
[983]
[984]
[985]
[986]
[988]
[989]
[991]
[993]
[994]
[995]
[997]
[999]
[1000]
[1002]
[1003, 1188]
[1008]
[1010, 1234]
[1011]
[1012]
[1015]
[1016]
[1017]
[1018]
[1019]
[1020]
[1022]
[1025]
[1026, 1378]
[1027]
[1028]
[1029]
[1030]
[1031]
[1032]
[1033]
[1035]
[1036]
[1038]
[1039, 1189]
[1041]
[1042]
[1043]
[1044]
[1045]
[1046]
[1047]
[1050]
[1053, 1386]
[1054]
[1055]
[1062, 1286]
[1065]
[1067]
[1068]
[1069]
[1071]
[1074]
[1077]
[1079]
[1080]
[1081]
[1082]
[1084]
[1087]
[1088]
[1091]
[1093, 1231]
[1094]
[1096]
[1097]
[1098]
[1099]
[1100]
[1101]
[1102]
[1103]
[1105]
[1106, 1199]
[1109, 1206]
[1110]
[1111, 1366]
[1112]
[1114]
[1115]
[1116]
[1117]
[1118]
[1119]
[1120]
[1124]
[1126]
[1128]
[1129]
[1131]
[1132]
[1133]
[1136, 1208]
[1137]
[1138]
[1139]
[1140]
[1141]
[1142, 1387]
[1146]
[1147]
[1149]
[1150, 1383]
[1151, 1156]
[1152]
[1153, 1242]
[1155, 1207]
[1157]
[1158]
[1160]
[1162]
[1163]
[1165]
[1166]
[1167]
[1168]
[1169]
[1171]
[1172]
[1173]
[1178]
[1180]
[1182]
[1183]
[1184]
[1185]
[1186, 1290]
[1190, 1303]
[1191]
[1192]
[1193]
[1197]
[1201]
[1202]
[1204]
[1205]
[1210]
[1212]
[1213]
[1214]
[1216]
[1218]
[1221]
[1222]
[1223]
[1224]
[1225]
[1227]
[1228]
[1229]
[1232]
[1235]
[1236]
[1237]
[1238]
[1239, 1259]
[1240]
[1241]
[1243, 1354]
[1248]
[1250]
[1251]
[1252]
[1253]
[1254]
[1256]
[1257]
[1258]
[1260]
[1262]
[1264]
[1265]
[1266]
[1267]
[1270]
[1272]
[1273]
[1274]
[1278]
[1279]
[1280]
[1281]
[1283]
[1285]
[1287]
[1289]
[1291]
[1294]
[1295]
[1296]
[1299]
[1301, 1356]
[1305]
[1307]
[1308, 1349]
[1309]
[1310]
[1312]
[1313]
[1314]
[1317]
[1319]
[1321]
[1323]
[1325]
[1326]
[1329]
[1331]
[1333]
[1337]
[1339]
[1341, 1382]
[1342]
[1344]
[1350]
[1351]
[1353]
[1357]
[1360]
[1361]
[1364]
[1368]
[1373]
[1374]
[1376]
[1385]
[1388]
