[0, 829]
[1, 269, 816]
[2, 729, 1188]
[3]
[4]
[5]
[6]
[7, 354, 736]
[8, 273]
[9, 312]
[10]
[11, 862, 1128]
[12, 986, 1335]
[13, 434, 1389]
[14]
[15, 666]
[16, 607]
[17]
[18, 1082]
[19]
[20, 1220]
[21]
[22]
[23]
[24]
[25, 1358]
[26, 1038]
[27, 348, 997]
[28]
[29]
[30]
[31, 946]
[32, 238]
[33, 1076]
[34]
[35]
[36, 1103]
[37]
[38, 634, 1347]
[39]
[40]
[41]
[42, 1028]
[43]
[44]
[45, 382]
[46, 422, 1382]
[47, 309, 658]
[48]
[49, 177, 899]
[50, 1118]
[51]
[52, 526]
[53]
[54]
[55, 450, 660]
[56, 693]
[57]
[58]
[59]
[60, 544]
[61]
[62]
[63]
[64]
[65, 405, 706]
[66]
[67, 1034, 1094]
[68, 901]
[69, 888]
[70, 637]
[71, 699]
[72, 1258]
[73, 876]
[74]
[75, 493]
[76]
[77]
[78, 1083, 1310]
[79, 1324]
[80]
[81]
[82]
[83]
[84, 412]
[85, 1133]
[86]
[87]
[88, 1062]
[89, 327]
[90]
[91, 280]
[92]
[93]
[94]
[95]
[96, 863]
[97]
[98, 776]
[99, 1214]
[100, 987, 1212]
[101, 270, 957]
[102, 415]
[103]
[104, 1074]
[105]
[106, 187]
[107]
[108, 506, 915]
[109]
[110, 369]
[111]
[112, 700, 1323]
[113]
[114, 874]
[115]
[116, 733, 1306]
[117]
[118]
[119]
[120, 575]
[121]
[122]
[123, 315, 1316]
[124, 411]
[125, 1140]
[126]
[127, 265, 746]
[128]
[129]
[130]
[131, 333, 830]
[132, 266, 1219]
[133, 592, 892]
[134, 289, 965]
[135]
[136]
[137]
[138, 1215]
[139]
[140, 1218]
[141]
[142, 465]
[143, 989]
[144]
[145]
[146, 887, 962]
[147]
[148]
[149, 642]
[150]
[151]
[152, 1143, 1186]
[153]
[154]
[155]
[156]
[157]
[158, 371, 540]
[159]
[160]
[161]
[162]
[163, 1308]
[164, 970, 1163]
[165]
[166, 1205]
[167]
[168]
[169, 1089]
[170]
[171, 366, 1113]
[172, 923]
[173, 633]
[174, 299, 944]
[175]
[176]
[178, 463]
[179]
[180, 1233]
[181]
[182]
[183, 665, 941]
[184]
[185, 454]
[186]
[188]
[189]
[190]
[191, 623]
[192]
[193, 436]
[194]
[195]
[196, 810]
[197]
[198]
[199]
[200, 1364]
[201]
[202]
[203]
[204]
[205]
[206, 886]
[207]
[208]
[209, 828, 1296]
[210]
[211]
[212]
[213]
[214]
[215, 609, 1276]
[216, 300, 1056]
[217]
[218]
[219]
[220, 475]
[221, 229]
[222, 1337]
[223, 430, 739]
[224]
[225]
[226, 417]
[227]
[228]
[230]
[231]
[232, 954, 1363]
[233]
[234]
[235]
[236, 523]
[237]
[239]
[240]
[241]
[242]
[243, 646]
[244, 708, 1313]
[245]
[246, 1139, 1168]
[247, 363]
[248, 916, 1112]
[249]
[250]
[251]
[252]
[253]
[254]
[255]
[256]
[257]
[258, 359]
[259, 826]
[260]
[261]
[262]
[263]
[264, 510, 525]
[267]
[268, 1304]
[271, 565]
[272, 538, 1327]
[274, 1333]
[275, 740, 834]
[276, 1170]
[277]
[278, 701, 1253]
[279, 448, 917]
[281]
[282]
[283]
[284]
[285, 1042, 1241]
[286, 1008]
[287, 1203, 1242]
[288]
[290]
[291, 323]
[292, 619]
[293, 1377]
[294]
[295]
[296]
[297, 635]
[298]
[301]
[302]
[303, 455]
[304]
[305]
[306]
[307]
[308]
[310, 1246]
[311]
[313]
[314, 868]
[316]
[317, 1177]
[318]
[319, 418, 791]
[320]
[321]
[322, 1099]
[324, 338, 1027]
[325, 1015, 1380]
[326]
[328, 500]
[329]
[330, 1067]
[331]
[332]
[334]
[335]
[336]
[337]
[339, 1165]
[340]
[341]
[342, 1245]
[343]
[344]
[345]
[346, 743, 1255]
[347, 904]
[349]
[350, 399]
[351]
[352]
[353]
[355]
[356, 1021]
[357, 421, 709]
[358, 1344]
[360]
[361]
[362]
[364]
[365]
[367, 797, 1179]
[368]
[370]
[372, 457, 929]
[373]
[374, 861]
[375]
[376, 710]
[377, 516]
[378, 756]
[379, 1356]
[380]
[381]
[383]
[384]
[385]
[386, 1349]
[387, 698, 1000]
[388]
[389, 869]
[390]
[391, 745]
[392]
[393]
[394]
[395]
[396, 807]
[397]
[398]
[400]
[401]
[402]
[403]
[404, 507, 936]
[406]
[407]
[408]
[409]
[410]
[413]
[414]
[416, 670, 1018]
[419]
[420, 921]
[423]
[424]
[425, 444]
[426]
[427]
[428, 460]
[429, 1125]
[431]
[432, 1280]
[433, 719]
[435]
[437]
[438, 622]
[439]
[440, 959]
[441, 730]
[442]
[443]
[445]
[446]
[447, 483, 857]
[449]
[451]
[452]
[453, 898, 1264]
[456, 682]
[458]
[459, 1345]
[461]
[462]
[464, 530]
[466, 514]
[467, 1003]
[468]
[469]
[470]
[471]
[472, 817]
[473]
[474, 1020]
[476, 1024]
[477, 1080]
[478]
[479]
[480, 1216]
[481, 982]
[482]
[484]
[485, 713, 1217]
[486]
[487]
[488]
[489]
[490, 1096, 1351]
[491, 738]
[492]
[494, 873]
[495]
[496]
[497]
[498, 576, 1261]
[499, 728]
[501]
[502]
[503]
[504, 1149]
[505]
[508, 605, 1284]
[509]
[511, 1305, 1331]
[512, 985, 1072]
[513, 1041]
[515]
[517]
[518]
[519, 1019, 1053]
[520]
[521]
[522]
[524, 1066]
[527, 581]
[528, 763]
[529]
[531, 889]
[532]
[533]
[534]
[535]
[536]
[537, 561, 673]
[539]
[541]
[542]
[543, 697]
[545]
[546]
[547]
[548]
[549]
[550]
[551]
[552, 591]
[553]
[554]
[555]
[556]
[557, 1013]
[558, 629, 853]
[559, 1274]
[560]
[562, 1387]
[563]
[564]
[566]
[567]
[568]
[569]
[570]
[571]
[572]
[573]
[574]
[577]
[578]
[579, 721]
[580]
[582, 995]
[583]
[584]
[585]
[586]
[587]
[588]
[589]
[590]
[593, 595]
[594]
[596]
[597, 893, 1283]
[598, 808]
[599, 1244]
[600]
[601]
[602]
[603, 779]
[604]
[606]
[608, 1100]
[610, 764]
[611, 771]
[612, 833]
[613]
[614, 1249]
[615]
[616, 835, 998]
[617, 717]
[618]
[620]
[621]
[624]
[625]
[626]
[627]
[628]
[630, 822]
[631]
[632]
[636]
[638]
[639]
[640]
[641]
[643]
[644]
[645]
[647]
[648]
[649]
[650]
[651, 1225]
[652, 653]
[654, 765]
[655]
[656]
[657]
[659]
[661]
[662]
[663, 681, 1122]
[664]
[667, 1025, 1069]
[668]
[669]
[671]
[672]
[674, 996, 1171]
[675, 1251]
[676, 1199]
[677]
[678, 742, 840]
[679]
[680, 1006, 1032]
[683]
[684]
[685]
[686]
[687, 1116]
[688, 1198]
[689]
[690]
[691]
[692]
[694]
[695]
[696, 1162]
[702, 720]
[703]
[704]
[705]
[707]
[711]
[712]
[714]
[715, 1266, 1353]
[716, 1109]
[718, 1048]
[722]
[723, 1037]
[724]
[725]
[726, 837]
[727, 882]
[731]
[732, 895]
[734]
[735]
[737]
[741]
[744]
[747]
[748]
[749]
[750]
[751]
[752]
[753, 1022]
[754]
[755, 976]
[757, 1197]
[758]
[759]
[760]
[761]
[762]
[766]
[767, 1070]
[768]
[769]
[770]
[772]
[773]
[774]
[775]
[777]
[778]
[780, 900, 1014]
[781]
[782, 1063]
[783, 789]
[784]
[785]
[786]
[787]
[788, 1211]
[790]
[792, 1334]
[793, 845]
[794]
[795]
[796]
[798]
[799, 1126, 1299]
[800]
[801]
[802]
[803]
[804]
[805, 947]
[806]
[809]
[811, 891, 1124]
[812]
[813]
[814, 872]
[815]
[818]
[819]
[820]
[821]
[823]
[824]
[825]
[827]
[831]
[832, 1138]
[836]
[838]
[839]
[841, 850]
[842, 1102]
[843, 1196]
[844, 1120, 1267]
[846]
[847]
[848, 1213]
[849, 1055, 1342]
[851, 1068, 1314]
[852]
[854]
[855, 1017]
[856]
[858, 1110, 1191]
[859]
[860]
[864, 1270]
[865]
[866, 1132]
[867, 984]
[870, 1167, 1328]
[871]
[875]
[877]
[878]
[879]
[880]
[881]
[883, 925, 1078]
[884]
[885]
[890]
[894]
[896]
[897]
[902]
[903]
[905, 979]
[906]
[907]
[908]
[909]
[910]
[911]
[912, 1097]
[913]
[914]
[918]
[919]
[920]
[922, 945]
[924]
[926]
[927, 1202]
[928]
[930]
[931]
[932]
[933, 1030]
[934]
[935]
[937]
[938]
[939]
[940]
[942]
[943]
[948]
[949]
[950, 1187]
[951]
[952, 1201]
[953, 1164]
[955]
[956]
[958]
[960, 1285]
[961]
[963]
[964]
[966]
[967]
[968]
[969]
[971, 1325]
[972, 1005, 1148]
[973, 1352]
[974]
[975]
[977]
[978]
[980]
[981]
[983, 993, 1259]
[988]
[990]
[991]
[992]
[994]
[999]
[1001]
[1002]
[1004]
[1007]
[1009, 1183]
[1010]
[1011, 1222]
[1012, 1227]
[1016]
[1023]
[1026]
[1029]
[1031, 1105]
[1033]
[1035]
[1036]
[1039]
[1040]
[1043]
[1044]
[1045]
[1046]
[1047]
[1049]
[1050]
[1051]
[1052]
[1054]
[1057]
[1058]
[1059]
[1060]
[1061]
[1064]
[1065]
[1071]
[1073]
[1075]
[1077]
[1079]
[1081]
[1084]
[1085, 1381]
[1086]
[1087]
[1088]
[1090]
[1091]
[1092]
[1093, 1136]
[1095]
[1098]
[1101]
[1104]
[1106]
[1107, 1129, 1307]
[1108]
[1111]
[1114]
[1115]
[1117]
[1119]
[1121]
[1123, 1247]
[1127]
[1130]
[1131, 1223]
[1134]
[1135]
[1137]
[1141]
[1142, 1366]
[1144]
[1145]
[1146]
[1147]
[1150]
[1151]
[1152]
[1153]
[1154]
[1155]
[1156]
[1157]
[1158]
[1159]
[1160]
[1161]
[1166]
[1169]
[1172]
[1173]
[1174]
[1175]
[1176]
[1178]
[1180, 1239]
[1181]
[1182]
[1184, 1252]
[1185]
[1189]
[1190]
[1192]
[1193]
[1194]
[1195]
[1200]
[1204]
[1206]
[1207]
[1208]
[1209]
[1210]
[1221, 1369]
[1224]
[1226]
[1228, 1281]
[1229]
[1230]
[1231]
[1232]
[1234]
[1235]
[1236]
[1237]
[1238]
[1240]
[1243, 1321]
[1248]
[1250]
[1254]
[1256]
[1257]
[1260]
[1262]
[1263]
[1265]
[1268]
[1269]
[1271]
[1272]
[1273]
[1275]
[1277]
[1278]
[1279]
[1282]
[1286]
[1287]
[1288]
[1289]
[1290, 1320]
[1291]
[1292]
[1293, 1379]
[1294]
[1295]
[1297]
[1298]
[1300]
[1301]
[1302]
[1303]
[1309]
[1311]
[1312]
[1315]
[1317]
[1318]
[1319]
[1322]
[1326]
[1329]
[1330]
[1332]
[1336]
[1338]
[1339]
[1340]
[1341]
[1343]
[1346, 1354, 1385]
[1348]
[1350]
[1355]
[1357]
[1359]
[1360]
[1361]
[1362]
[1365]
[1367]
[1368]
[1370]
[1371]
[1372]
[1373]
[1374]
[1375]
[1376]
[1378]
[1383]
[1384]
[1386]
[1388]
