[0, 662, 1094]
[1, 854]
[2]
[3, 142]
[4]
[5, 1297]
[6]
[7]
[8]
[9, 237, 751]
[10]
[11, 781]
[12, 1103, 1229]
[13, 255]
[14, 766]
[15, 740, 1136]
[16, 910]
[17, 1157]
[18]
[19, 727]
[20, 213]
[21, 788]
[22]
[23, 155]
[24]
[25]
[26, 457, 1168]
[27, 717, 1253]
[28, 259, 1304]
[29, 1252]
[30, 420, 732]
[31]
[32, 264]
[33, 385]
[34, 1370]
[35, 990]
[36, 393]
[37]
[38]
[39, 677, 1135]
[40, 469, 919]
[41, 639, 942]
[42]
[43, 382, 789]
[44, 261]
[45, 612]
[46]
[47]
[48, 296]
[49]
[50, 231, 723]
[51]
[52, 1381]
[53, 555, 589]
[54]
[55, 479, 877]
[56]
[57]
[58, 112]
[59]
[60, 406, 1225]
[61, 485]
[62]
[63, 1095, 1185]
[64, 128]
[65, 1038]
[66, 352]
[67]
[68]
[69]
[70, 1359]
[71]
[72, 1055]
[73]
[74]
[75, 822]
[76]
[77]
[78]
[79]
[80]
[81, 1182, 1187]
[82, 827, 1130]
[83]
[84, 392]
[85]
[86]
[87, 295]
[88, 187]
[89]
[90]
[91, 403]
[92]
[93, 593]
[94]
[95]
[96]
[97, 1267]
[98, 1151]
[99]
[100]
[101, 642, 1045]
[102, 936]
[103, 832, 842]
[104]
[105]
[106, 1143]
[107]
[108]
[109, 1338]
[110, 870]
[111, 812, 1147]
[113, 858]
[114, 885]
[115]
[116]
[117]
[118, 1074]
[119, 753]
[120]
[121, 868]
[122, 288]
[123]
[124]
[125]
[126, 974, 1343]
[127]
[129]
[130]
[131]
[132]
[133]
[134, 378]
[135, 229]
[136, 940]
[137]
[138, 749]
[139, 1061, 1329]
[140]
[141, 373]
[143]
[144, 304, 1228]
[145, 836, 1350]
[146]
[147, 875]
[148, 630]
[149, 250, 626]
[150]
[151, 1093]
[152, 203, 916]
[153]
[154]
[156]
[157]
[158, 839]
[159, 714, 968]
[160, 447, 1230]
[161, 290, 1227]
[162, 602]
[163, 779, 1236]
[164]
[165, 396, 840]
[166, 421, 1327]
[167, 1002]
[168]
[169, 1129]
[170, 1033]
[171, 1099]
[172, 256, 1283]
[173]
[174]
[175]
[176, 449]
[177, 368, 1268]
[178, 494]
[179]
[180]
[181, 1165]
[182, 416]
[183]
[184]
[185, 889, 1293]
[186]
[188]
[189]
[190, 703, 1356]
[191]
[192]
[193]
[194]
[195, 898]
[196]
[197]
[198]
[199, 733]
[200]
[201, 1196]
[202]
[204, 762]
[205]
[206]
[207]
[208, 979]
[209]
[210, 355, 530]
[211]
[212]
[214, 1238, 1256]
[215]
[216, 281, 390]
[217, 1357]
[218]
[219]
[220, 668, 846]
[221]
[222]
[223]
[224, 1345]
[225, 982]
[226]
[227]
[228, 1312]
[230, 307]
[232, 780]
[233]
[234, 651, 1115]
[235, 688]
[236, 1358]
[238]
[239]
[240]
[241]
[242]
[243, 350, 1007]
[244, 1300]
[245]
[246]
[247, 1360]
[248]
[249]
[251]
[252]
[253, 514]
[254]
[257]
[258]
[260, 1149]
[262]
[263]
[265]
[266]
[267, 1069]
[268]
[269]
[270]
[271]
[272]
[273, 958]
[274]
[275]
[276]
[277, 845, 1334]
[278]
[279, 577]
[280, 844]
[282, 537]
[283]
[284, 1064]
[285]
[286, 510]
[287]
[289]
[291, 543]
[292]
[293]
[294]
[297, 728]
[298]
[299, 426, 745]
[300]
[301]
[302, 826, 994]
[303, 387]
[305]
[306]
[308]
[309, 960, 1271]
[310]
[311]
[312, 613]
[313, 340, 566]
[314]
[315, 1270, 1291]
[316, 486]
[317, 1053]
[318]
[319]
[320]
[321, 440, 1366]
[322, 1254]
[323]
[324, 356, 465]
[325]
[326, 798, 1201]
[327]
[328, 1371]
[329]
[330]
[331]
[332]
[333, 816]
[334]
[335]
[336, 956, 1376]
[337]
[338, 671]
[339]
[341]
[342]
[343]
[344, 597]
[345]
[346]
[347]
[348]
[349]
[351]
[353, 652, 1385]
[354, 1232]
[357]
[358, 429]
[359, 763]
[360]
[361]
[362]
[363, 1065]
[364, 1347]
[365, 455]
[366, 1060]
[367]
[369, 571]
[370, 917]
[371]
[372]
[374]
[375]
[376]
[377]
[379]
[380]
[381, 934]
[383]
[384, 490]
[386]
[388]
[389]
[391]
[394]
[395]
[397]
[398]
[399]
[400]
[401]
[402]
[404, 1303]
[405, 807, 1120]
[407]
[408]
[409]
[410]
[411, 852]
[412, 463, 793]
[413]
[414, 873]
[415]
[417, 591, 1131]
[418]
[419, 647, 787]
[422, 837]
[423]
[424, 825, 984]
[425]
[427]
[428]
[430]
[431, 1158]
[432, 692]
[433]
[434, 964]
[435]
[436, 1137]
[437]
[438, 1296]
[439, 904]
[441]
[442, 939, 1281]
[443]
[444, 659]
[445, 448, 636]
[446]
[450]
[451, 1132]
[452]
[453]
[454]
[456]
[458]
[459, 1034]
[460]
[461]
[462, 1320]
[464]
[466, 1181]
[467]
[468]
[470]
[471]
[472]
[473]
[474]
[475]
[476]
[477]
[478]
[480, 1242, 1264]
[481]
[482]
[483, 1234]
[484]
[487, 1280]
[488, 1387]
[489]
[491]
[492]
[493]
[495, 541, 1189]
[496]
[497]
[498, 573, 1059]
[499]
[500]
[501, 538]
[502]
[503, 897]
[504]
[505, 527]
[506]
[507]
[508, 1028]
[509, 810]
[511]
[512]
[513, 569]
[515]
[516]
[517, 1139, 1241]
[518]
[519, 776]
[520, 600, 604]
[521]
[522]
[523]
[524, 648, 667]
[525]
[526]
[528, 661, 815]
[529]
[531]
[532, 1377]
[533]
[534]
[535]
[536, 1179, 1273]
[539, 707, 778]
[540]
[542]
[544]
[545, 1204]
[546]
[547, 622]
[548]
[549]
[550]
[551]
[552]
[553]
[554, 559, 1266]
[556]
[557]
[558]
[560]
[561]
[562]
[563, 1101]
[564, 991]
[565]
[567]
[568]
[570]
[572, 1217]
[574]
[575]
[576]
[578]
[579, 1104]
[580, 945]
[581]
[582]
[583]
[584]
[585, 820]
[586, 1221]
[587]
[588, 1310]
[590, 1080]
[592]
[594, 660]
[595]
[596, 983]
[598]
[599]
[601, 843]
[603]
[605]
[606]
[607]
[608]
[609]
[610, 881, 1044]
[611]
[614]
[615]
[616, 946, 1141]
[617]
[618]
[619]
[620]
[621, 850, 906]
[623, 750, 1247]
[624, 965, 1219]
[625]
[627]
[628]
[629]
[631]
[632, 696, 1164]
[633, 1180, 1199]
[634]
[635]
[637]
[638]
[640, 967]
[641]
[643, 1314]
[644]
[645]
[646]
[649, 722]
[650]
[653, 862, 865]
[654, 1233]
[655]
[656]
[657]
[658]
[663]
[664]
[665, 1305]
[666]
[669, 912]
[670]
[672, 1111]
[673]
[674]
[675]
[676]
[678]
[679]
[680]
[681, 1133]
[682]
[683, 1114, 1193]
[684]
[685, 867]
[686]
[687]
[689]
[690]
[691]
[693]
[694]
[695, 1006]
[697, 988]
[698]
[699]
[700]
[701]
[702]
[704]
[705]
[706]
[708]
[709, 1043]
[710]
[711, 980]
[712]
[713, 1294]
[715]
[716, 802, 924]
[718, 961]
[719]
[720]
[721]
[724]
[725]
[726]
[729, 752]
[730]
[731]
[734, 1156]
[735]
[736]
[737, 754]
[738]
[739, 918]
[741]
[742, 830]
[743]
[744]
[746]
[747]
[748]
[755]
[756, 1364]
[757]
[758, 986]
[759]
[760]
[761]
[764]
[765]
[767, 894]
[768]
[769]
[770]
[771]
[772]
[773]
[774]
[775, 976]
[777, 1194]
[782]
[783, 1054]
[784]
[785]
[786]
[790, 951, 1209]
[791]
[792]
[794, 801, 1248]
[795]
[796]
[797]
[799]
[800]
[803]
[804, 943]
[805, 1154, 1192]
[806]
[808]
[809]
[811]
[813]
[814]
[817]
[818, 1292]
[819, 821]
[823]
[824]
[828]
[829, 1153]
[831]
[833, 1382]
[834]
[835]
[838, 1339]
[841]
[847]
[848]
[849]
[851]
[853]
[855]
[856]
[857, 1125]
[859]
[860]
[861, 866]
[863]
[864]
[869]
[871]
[872, 1004]
[874]
[876]
[878]
[879, 892, 1122]
[880]
[882]
[883, 1328]
[884]
[886, 1220]
[887]
[888]
[890, 1298]
[891, 1197]
[893]
[895, 1134]
[896, 1152, 1160]
[899]
[900]
[901, 1210]
[902]
[903]
[905]
[907]
[908]
[909]
[911, 1003]
[913]
[914]
[915]
[920]
[921, 962]
[922]
[923]
[925]
[926]
[927]
[928]
[929]
[930]
[931, 955]
[932, 1184, 1355]
[933]
[935]
[937]
[938]
[941]
[944]
[947]
[948, 1313]
[949]
[950]
[952]
[953]
[954]
[957]
[959]
[963]
[966, 1172]
[969]
[970, 1319]
[971, 1206]
[972]
[973]
[975]
[977, 1336]
[978]
[981, 1051]
[985]
[987]
[989]
[992]
[993]
[995]
[996]
[997]
[998]
[999]
[1000]
[1001]
[1005, 1286]
[1008]
[1009]
[1010]
[1011]
[1012]
[1013]
[1014]
[1015]
[1016]
[1017]
[1018]
[1019]
[1020]
[1021]
[1022]
[1023, 1311]
[1024]
[1025]
[1026]
[1027]
[1029]
[1030]
[1031]
[1032]
[1035]
[1036]
[1037]
[1039]
[1040]
[1041]
[1042]
[1046]
[1047]
[1048]
[1049]
[1050]
[1052]
[1056]
[1057]
[1058]
[1062]
[1063]
[1066]
[1067]
[1068]
[1070]
[1071]
[1072]
[1073]
[1075]
[1076]
[1077, 1163, 1374]
[1078]
[1079]
[1081]
[1082, 1255]
[1083]
[1084]
[1085]
[1086, 1284]
[1087]
[1088]
[1089]
[1090]
[1091]
[1092]
[1096]
[1097]
[1098]
[1100]
[1102]
[1105]
[1106]
[1107]
[1108]
[1109]
[1110]
[1112]
[1113]
[1116]
[1117]
[1118]
[1119]
[1121]
[1123]
[1124]
[1126]
[1127]
[1128]
[1138]
[1140]
[1142]
[1144]
[1145]
[1146]
[1148]
[1150]
[1155]
[1159]
[1161]
[1162]
[1166]
[1167]
[1169]
[1170]
[1171]
[1173]
[1174]
[1175]
[1176]
[1177]
[1178]
[1183, 1368]
[1186]
[1188]
[1190]
[1191]
[1195]
[1198]
[1200]
[1202]
[1203]
[1205]
[1207]
[1208]
[1211]
[1212]
[1213]
[1214]
[1215]
[1216]
[1218]
[1222]
[1223, 1351]
[1224]
[1226]
[1231]
[1235]
[1237]
[1239]
[1240, 1361]
[1243]
[1244, 1332, 1373]
[1245]
[1246, 1365]
[1249]
[1250]
[1251]
[1257]
[1258]
[1259]
[1260]
[1261]
[1262, 1317]
[1263]
[1265]
[1269]
[1272]
[1274]
[1275]
[1276]
[1277]
[1278]
[1279]
[1282]
[1285]
[1287]
[1288]
[1289]
[1290]
[1295]
[1299]
[1301]
[1302]
[1306]
[1307]
[1308]
[1309]
[1315]
[1316]
[1318]
[1321]
[1322]
[1323]
[1324]
[1325]
[1326]
[1330]
[1331]
[1333]
[1335]
[1337]
[1340]
[1341]
[1342]
[1344]
[1346]
[1348]
[1349]
[1352]
[1353]
[1354]
[1362]
[1363]
[1367]
[1369]
[1372]
[1375]
[1378]
[1379]
[1380]
[1383]
[1384]
[1386]
[1388]
[1389]
