[0]
[1, 207, 757]
[2]
[3]
[4]
[5]
[6, 94]
[7]
[8, 302]
[9, 223, 1376]
[10]
[11, 264, 1082]
[12]
[13, 1131]
[14, 239]
[15]
[16]
[17]
[18]
[19, 1251]
[20, 297]
[21, 724, 877]
[22, 493, 1159]
[23]
[24]
[25]
[26, 1127]
[27]
[28, 275]
[29]
[30, 820]
[31, 1262, 1270]
[32]
[33, 1040]
[34, 1208, 1291]
[35, 226, 875]
[36]
[37]
[38]
[39]
[40]
[41]
[42, 1165]
[43]
[44]
[45]
[46]
[47, 666]
[48]
[49]
[50, 796]
[51, 1256]
[52, 400]
[53]
[54, 664, 1113]
[55]
[56, 110]
[57, 1031]
[58]
[59]
[60, 147]
[61]
[62]
[63, 285, 1233]
[64]
[65, 489, 849]
[66]
[67]
[68]
[69, 843]
[70, 873, 1178]
[71]
[72, 802]
[73]
[74, 98, 600]
[75]
[76, 1109]
[77]
[78]
[79, 534]
[80, 178]
[81]
[82, 369, 455]
[83]
[84]
[85]
[86, 1235]
[87, 999]
[88]
[89]
[90, 1028, 1342]
[91, 537, 1379]
[92]
[93, 236]
[95, 695]
[96, 103, 194]
[97, 512]
[99]
[100]
[101, 403]
[102]
[104, 1297]
[105, 1115]
[106]
[107, 509, 691]
[108, 516]
[109, 963, 973]
[111]
[112, 891, 1010]
[113]
[114]
[115]
[116, 583, 1257]
[117]
[118, 276, 1195]
[119]
[120, 235, 942]
[121, 901, 944]
[122]
[123, 153]
[124]
[125]
[126, 1055]
[127]
[128, 706]
[129]
[130, 1061, 1345]
[131]
[132, 231]
[133, 1292]
[134]
[135]
[136, 1163]
[137, 527, 686]
[138, 668]
[139]
[140]
[141]
[142, 215]
[143, 1321]
[144, 576]
[145]
[146]
[148, 256, 1245]
[149]
[150]
[151, 836, 1200]
[152, 756]
[154]
[155]
[156, 563]
[157, 202]
[158]
[159]
[160]
[161, 715, 1323]
[162, 433, 1066]
[163]
[164, 1271]
[165, 318]
[166, 1049]
[167]
[168]
[169]
[170, 1078]
[171]
[172]
[173, 459, 863]
[174]
[175, 492]
[176]
[177]
[179]
[180, 591, 727]
[181]
[182, 615]
[183]
[184]
[185, 416]
[186, 910]
[187, 198, 324]
[188]
[189, 248, 911]
[190, 729]
[191, 478, 883]
[192]
[193, 765, 950]
[195]
[196]
[197]
[199]
[200]
[201]
[203, 1058]
[204, 824]
[205]
[206]
[208]
[209]
[210, 560, 1130]
[211, 697]
[212, 342]
[213]
[214]
[216]
[217, 900, 1373]
[218]
[219]
[220]
[221, 539, 1033]
[222, 1085]
[224, 1287]
[225, 1243]
[227]
[228]
[229]
[230, 593, 675]
[232, 345, 893]
[233, 734, 1388]
[234]
[237, 888, 1247]
[238, 304]
[240]
[241, 762]
[242]
[243]
[244]
[245, 260]
[246]
[247]
[249]
[250, 886]
[251]
[252]
[253, 1367]
[254]
[255]
[257]
[258]
[259, 965]
[261, 892]
[262, 679]
[263, 359, 585]
[265]
[266, 1090]
[267]
[268, 1272]
[269]
[270, 1035, 1206]
[271]
[272, 1017]
[273, 556, 1331]
[274, 564]
[277, 522]
[278, 803, 1384]
[279, 1011, 1100]
[280]
[281]
[282]
[283, 545]
[284]
[286, 336]
[287]
[288, 874, 1326]
[289]
[290]
[291]
[292, 1187]
[293, 860]
[294, 616]
[295, 1217]
[296]
[298, 543]
[299]
[300, 685, 1171]
[301]
[303]
[305, 443, 919]
[306]
[307]
[308]
[309]
[310]
[311]
[312, 340, 1278]
[313, 1097, 1229]
[314]
[315]
[316, 787]
[317, 1025]
[319, 1281]
[320]
[321]
[322]
[323]
[325]
[326]
[327]
[328]
[329]
[330]
[331]
[332, 799]
[333]
[334]
[335, 1142]
[337, 364]
[338]
[339, 986]
[341, 1348]
[343]
[344, 1377]
[346, 1096, 1236]
[347]
[348]
[349]
[350]
[351]
[352]
[353]
[354]
[355, 899, 954]
[356, 413, 1304]
[357]
[358, 1016]
[360, 1336]
[361]
[362, 890]
[363, 415]
[365]
[366]
[367]
[368]
[370]
[371]
[372, 386]
[373]
[374]
[375, 1303]
[376, 980]
[377]
[378]
[379, 401]
[380, 442]
[381, 432]
[382, 991, 1239]
[383, 643]
[384, 1118]
[385]
[387]
[388, 708]
[389, 983, 1012]
[390]
[391]
[392, 1161]
[393, 503, 1383]
[394]
[395]
[396]
[397, 810]
[398, 856]
[399, 476]
[402]
[404, 797]
[405]
[406]
[407, 850]
[408, 1260]
[409]
[410, 588, 1185]
[411]
[412, 475, 864]
[414]
[417, 614, 1241]
[418]
[419, 1301]
[420]
[421, 623]
[422]
[423]
[424, 430, 835]
[425]
[426, 680, 1022]
[427]
[428]
[429]
[431]
[434]
[435, 1316, 1353]
[436]
[437, 767]
[438]
[439, 1338]
[440]
[441]
[444, 974]
[445, 1075]
[446]
[447, 540]
[448, 969]
[449]
[450]
[451]
[452, 1080]
[453]
[454, 967]
[456]
[457]
[458]
[460]
[461]
[462]
[463]
[464]
[465]
[466, 783]
[467, 740, 1091]
[468, 1064]
[469]
[470]
[471]
[472]
[473]
[474, 828]
[477]
[479]
[480]
[481, 1249]
[482, 1220]
[483]
[484]
[485]
[486]
[487]
[488, 834]
[490, 804, 1252]
[491, 1068]
[494]
[495]
[496]
[497]
[498, 638]
[499, 1099]
[500]
[501, 1214]
[502, 1365]
[504]
[505, 1364]
[506]
[507, 876, 1005]
[508, 1147]
[510]
[511]
[513]
[514]
[515, 918, 1318]
[517, 541]
[518]
[519]
[520]
[521, 970, 1000]
[523]
[524]
[525]
[526]
[528]
[529]
[530]
[531]
[532]
[533, 701]
[535, 714, 776]
[536, 1034, 1060]
[538]
[542]
[544, 1264]
[546, 760]
[547]
[548, 641, 1332]
[549, 759]
[550]
[551]
[552]
[553]
[554]
[555]
[557, 633]
[558]
[559, 889]
[561]
[562, 763]
[565, 822]
[566]
[567]
[568]
[569]
[570]
[571]
[572]
[573, 1166]
[574]
[575]
[577]
[578, 786, 811]
[579]
[580]
[581, 702]
[582, 739]
[584]
[586, 1213, 1351]
[587, 603, 653]
[589]
[590]
[592]
[594]
[595]
[596]
[597]
[598]
[599, 628]
[601]
[602]
[604]
[605, 1344]
[606]
[607, 647]
[608]
[609]
[610]
[611]
[612]
[613, 1006, 1211]
[617]
[618]
[619]
[620]
[621]
[622]
[624]
[625]
[626]
[627]
[629, 1129]
[630]
[631]
[632, 1051, 1275]
[634]
[635, 972]
[636]
[637]
[639, 885]
[640]
[642]
[644, 1108]
[645, 855]
[646, 735, 1053]
[648]
[649, 1228]
[650]
[651]
[652]
[654]
[655, 1349]
[656, 670, 1036]
[657]
[658]
[659]
[660, 1209]
[661]
[662]
[663]
[665]
[667]
[669]
[671]
[672]
[673, 921]
[674]
[676]
[677, 947]
[678]
[681]
[682]
[683, 1375]
[684]
[687]
[688, 1356]
[689, 833, 941]
[690]
[692]
[693]
[694]
[696]
[698]
[699, 1310]
[700]
[703, 1222]
[704]
[705]
[707]
[709]
[710]
[711]
[712]
[713]
[716, 1003]
[717]
[718, 751]
[719, 785]
[720]
[721]
[722]
[723]
[725]
[726]
[728, 1242]
[730, 1004, 1102]
[731]
[732]
[733]
[736]
[737, 871]
[738, 1126]
[741]
[742]
[743]
[744]
[745]
[746]
[747]
[748]
[749]
[750]
[752]
[753, 1231]
[754]
[755]
[758, 908]
[761]
[764]
[766]
[768]
[769, 958]
[770]
[771]
[772]
[773, 1024]
[774]
[775]
[777]
[778]
[779]
[780]
[781]
[782, 966]
[784]
[788]
[789]
[790, 1181]
[791]
[792]
[793]
[794]
[795]
[798, 1329]
[800]
[801]
[805]
[806]
[807]
[808]
[809]
[812]
[813, 1261]
[814]
[815]
[816, 1110]
[817, 832, 1225]
[818]
[819]
[821]
[823]
[825]
[826]
[827, 1277]
[829, 1354]
[830]
[831, 975, 1268]
[837, 936]
[838]
[839]
[840, 1146]
[841]
[842]
[844]
[845]
[846]
[847]
[848]
[851]
[852]
[853]
[854]
[857, 1073]
[858]
[859]
[861]
[862]
[865, 930]
[866]
[867, 1103]
[868]
[869]
[870]
[872, 1322]
[878, 1191]
[879]
[880, 1077]
[881]
[882]
[884]
[887]
[894]
[895, 1259]
[896, 1363]
[897]
[898]
[902]
[903]
[904]
[905]
[906]
[907]
[909]
[912]
[913, 978, 1009]
[914]
[915, 1175]
[916, 1186]
[917]
[920, 1246]
[922]
[923]
[924]
[925]
[926]
[927, 1158]
[928, 932]
[929]
[931]
[933]
[934]
[935]
[937]
[938]
[939]
[940]
[943]
[945]
[946]
[948]
[949]
[951]
[952, 1156]
[953]
[955]
[956]
[957]
[959]
[960]
[961]
[962, 1265, 1372]
[964]
[968]
[971]
[976]
[977]
[979]
[981, 1117]
[982, 1266]
[984]
[985]
[987]
[988]
[989]
[990]
[992]
[993]
[994]
[995]
[996]
[997]
[998]
[1001]
[1002]
[1007]
[1008]
[1013]
[1014]
[1015]
[1018]
[1019, 1089]
[1020]
[1021, 1224]
[1023, 1179]
[1026]
[1027]
[1029]
[1030]
[1032]
[1037]
[1038]
[1039]
[1041]
[1042]
[1043]
[1044]
[1045]
[1046]
[1047]
[1048]
[1050]
[1052, 1203, 1221]
[1054]
[1056]
[1057]
[1059]
[1062]
[1063, 1358]
[1065]
[1067]
[1069]
[1070]
[1071, 1072, 1361]
[1074]
[1076, 1135, 1300]
[1079]
[1081]
[1083, 1290]
[1084]
[1086]
[1087]
[1088]
[1092]
[1093]
[1094]
[1095]
[1098]
[1101, 1182]
[1104]
[1105]
[1106]
[1107]
[1111]
[1112]
[1114]
[1116]
[1119]
[1120]
[1121]
[1122]
[1123]
[1124]
[1125]
[1128]
[1132]
[1133]
[1134]
[1136]
[1137]
[1138]
[1139]
[1140]
[1141]
[1143]
[1144]
[1145]
[1148, 1204]
[1149]
[1150]
[1151]
[1152]
[1153]
[1154]
[1155]
[1157]
[1160, 1267]
[1162]
[1164]
[1167]
[1168]
[1169]
[1170]
[1172]
[1173]
[1174]
[1176]
[1177]
[1180]
[1183]
[1184]
[1188, 1352]
[1189]
[1190]
[1192]
[1193]
[1194]
[1196]
[1197]
[1198]
[1199]
[1201]
[1202]
[1205]
[1207]
[1210, 1293]
[1212]
[1215]
[1216]
[1218, 1234, 1339]
[1219]
[1223]
[1226]
[1227]
[1230]
[1232]
[1237]
[1238]
[1240]
[1244]
[1248]
[1250]
[1253]
[1254]
[1255]
[1258]
[1263]
[1269]
[1273]
[1274]
[1276]
[1279]
[1280, 1312]
[1282]
[1283]
[1284]
[1285]
[1286, 1309]
[1288]
[1289]
[1294]
[1295]
[1296]
[1298]
[1299]
[1302]
[1305]
[1306]
[1307]
[1308]
[1311]
[1313]
[1314]
[1315]
[1317]
[1319]
[1320]
[1324]
[1325]
[1327]
[1328]
[1330]
[1333]
[1334]
[1335]
[1337]
[1340]
[1341]
[1343]
[1346]
[1347]
[1350]
[1355]
[1357]
[1359]
[1360, 1381]
[1362]
[1366]
[1368]
[1369]
[1370]
[1371]
[1374]
[1378]
[1380]
[1382]
[1385]
[1386]
[1387]
[1389]
